0.000000 0.000000
0.062844 0.125689
0.062844 0.125688
0.062844 0.125686
0.062844 0.125684
0.062843 0.125681
0.062843 0.125677
0.062842 0.125672
0.062842 0.125666
0.062841 0.125660
0.062840 0.125653
0.062839 0.125645
0.062838 0.125636
0.062837 0.125627
0.062835 0.125616
0.062834 0.125605
0.062832 0.125593
0.062831 0.125581
0.062829 0.125567
0.062827 0.125553
0.062826 0.125538
0.062824 0.125522
0.062821 0.125505
0.062819 0.125488
0.062817 0.125470
0.062815 0.125451
0.062812 0.125431
0.062810 0.125410
0.062807 0.125389
0.062804 0.125366
0.062801 0.125343
0.062798 0.125320
0.062795 0.125295
0.062792 0.125270
0.062789 0.125243
0.062785 0.125216
0.062782 0.125189
0.062778 0.125160
0.062775 0.125131
0.062771 0.125101
0.062767 0.125070
0.062763 0.125038
0.062759 0.125005
0.062755 0.124972
0.062751 0.124938
0.062746 0.124903
0.062742 0.124868
0.062737 0.124831
0.062732 0.124794
0.062728 0.124756
0.062723 0.124717
0.062718 0.124677
0.062713 0.124637
0.062708 0.124596
0.062702 0.124554
0.062697 0.124511
0.062692 0.124468
0.062686 0.124423
0.062680 0.124378
0.062675 0.124332
0.062669 0.124286
0.062663 0.124238
0.062657 0.124190
0.062651 0.124141
0.062644 0.124091
0.062638 0.124040
0.062632 0.123989
0.062625 0.123937
0.062618 0.123884
0.062612 0.123830
0.062605 0.123776
0.062598 0.123720
0.062591 0.123664
0.062584 0.123607
0.062576 0.123550
0.062569 0.123491
0.062562 0.123432
0.062554 0.123372
0.062547 0.123311
0.062539 0.123250
0.062531 0.123187
0.062523 0.123124
0.062515 0.123060
0.062507 0.122996
0.062499 0.122930
0.062490 0.122864
0.062482 0.122797
0.062473 0.122729
0.062465 0.122661
0.062456 0.122591
0.062447 0.122521
0.062438 0.122450
0.062429 0.122379
0.062420 0.122306
0.062411 0.122233
0.062402 0.122159
0.062392 0.122084
0.062383 0.122009
0.062373 0.121933
0.062363 0.121856
0.062354 0.121778
0.062344 0.121699
0.062334 0.121620
0.062324 0.121540
0.062313 0.121459
0.062303 0.121377
0.062293 0.121295
0.062282 0.121211
0.062272 0.121127
0.062261 0.121043
0.062250 0.120957
0.062239 0.120871
0.062228 0.120784
0.062217 0.120696
0.062206 0.120608
0.062195 0.120518
0.062183 0.120428
0.062172 0.120337
0.062160 0.120246
0.062149 0.120153
0.062137 0.120060
0.062125 0.119967
0.062113 0.119872
0.062101 0.119776
0.062089 0.119680
0.062077 0.119583
0.062064 0.119486
0.062052 0.119387
0.062039 0.119288
0.062027 0.119188
0.062014 0.119088
0.062001 0.118986
0.061988 0.118884
0.061975 0.118781
0.061962 0.118677
0.061949 0.118573
0.061935 0.118468
0.061922 0.118362
0.061908 0.118255
0.061895 0.118148
0.061881 0.118040
0.061867 0.117931
0.061853 0.117821
0.061839 0.117711
0.061825 0.117600
0.061811 0.117488
0.061796 0.117375
0.061782 0.117262
0.061768 0.117148
0.061753 0.117033
0.061738 0.116917
0.061723 0.116801
0.061709 0.116684
0.061694 0.116566
0.061678 0.116447
0.061663 0.116328
0.061648 0.116208
0.061633 0.116087
0.061617 0.115966
0.061601 0.115844
0.061586 0.115721
0.061570 0.115597
0.061554 0.115473
0.061538 0.115347
0.061522 0.115222
0.061506 0.115095
0.061490 0.114968
0.061473 0.114840
0.061457 0.114711
0.061440 0.114581
0.061424 0.114451
0.061407 0.114320
0.061390 0.114188
0.061373 0.114056
0.061356 0.113923
0.061339 0.113789
0.061322 0.113655
0.061304 0.113519
0.061287 0.113383
0.061269 0.113247
0.061252 0.113109
0.061234 0.112971
0.061216 0.112832
0.061198 0.112693
0.061180 0.112552
0.061162 0.112411
0.061144 0.112270
0.061126 0.112127
0.061107 0.111984
0.061089 0.111840
0.061070 0.111696
0.061052 0.111551
0.061033 0.111405
0.061014 0.111258
0.060995 0.111111
0.060976 0.110963
0.060957 0.110814
0.060937 0.110664
0.060918 0.110514
0.060899 0.110363
0.060879 0.110212
0.060859 0.110060
0.060840 0.109907
0.060820 0.109753
0.060800 0.109599
0.060780 0.109444
0.060760 0.109288
0.060740 0.109132
0.060719 0.108975
0.060699 0.108817
0.060678 0.108658
0.060658 0.108499
0.060637 0.108339
0.060616 0.108179
0.060595 0.108018
0.060574 0.107856
0.060553 0.107693
0.060532 0.107530
0.060511 0.107366
0.060489 0.107201
0.060468 0.107036
0.060446 0.106870
0.060425 0.106703
0.060403 0.106536
0.060381 0.106368
0.060359 0.106200
0.060337 0.106030
0.060315 0.105860
0.060293 0.105690
0.060270 0.105518
0.060248 0.105346
0.060225 0.105174
0.060203 0.105000
0.060180 0.104826
0.060157 0.104652
0.060134 0.104476
0.060111 0.104300
0.060088 0.104124
0.060065 0.103946
0.060042 0.103768
0.060019 0.103590
0.059995 0.103411
0.059971 0.103231
0.059948 0.103050
0.059924 0.102869
0.059900 0.102687
0.059876 0.102504
0.059852 0.102321
0.059828 0.102137
0.059804 0.101953
0.059780 0.101768
0.059755 0.101582
0.059731 0.101396
0.059706 0.101209
0.059681 0.101021
0.059657 0.100833
0.059632 0.100644
0.059607 0.100454
0.059582 0.100264
0.059556 0.100073
0.059531 0.099882
0.059506 0.099690
0.059480 0.099497
0.059455 0.099303
0.059429 0.099109
0.059403 0.098915
0.059378 0.098720
0.059352 0.098524
0.059326 0.098327
0.059300 0.098130
0.059273 0.097932
0.059247 0.097734
0.059221 0.097535
0.059194 0.097335
0.059168 0.097135
0.059141 0.096934
0.059114 0.096733
0.059087 0.096531
0.059060 0.096328
0.059033 0.096125
0.059006 0.095921
0.058979 0.095717
0.058952 0.095512
0.058924 0.095306
0.058897 0.095100
0.058869 0.094893
0.058841 0.094685
0.058814 0.094477
0.058786 0.094269
0.058758 0.094059
0.058730 0.093849
0.058702 0.093639
0.058673 0.093428
0.058645 0.093216
0.058617 0.093004
0.058588 0.092791
0.058559 0.092578
0.058531 0.092364
0.058502 0.092149
0.058473 0.091934
0.058444 0.091718
0.058415 0.091502
0.058386 0.091285
0.058357 0.091068
0.058327 0.090850
0.058298 0.090631
0.058268 0.090412
0.058239 0.090192
0.058209 0.089972
0.058179 0.089751
0.058149 0.089529
0.058119 0.089307
0.058089 0.089085
0.058059 0.088861
0.058029 0.088638
0.057998 0.088413
0.057968 0.088189
0.057937 0.087963
0.057906 0.087737
0.057876 0.087511
0.057845 0.087284
0.057814 0.087056
0.057783 0.086828
0.057752 0.086599
0.057721 0.086370
0.057689 0.086140
0.057658 0.085910
0.057627 0.085679
0.057595 0.085447
0.057563 0.085215
0.057532 0.084983
0.057500 0.084750
0.057468 0.084516
0.057436 0.084282
0.057404 0.084047
0.057372 0.083812
0.057339 0.083577
0.057307 0.083340
0.057274 0.083104
0.057242 0.082866
0.057209 0.082628
0.057176 0.082390
0.057144 0.082151
0.057111 0.081912
0.057078 0.081672
0.057045 0.081431
0.057011 0.081191
0.056978 0.080949
0.056945 0.080707
0.056911 0.080465
0.056878 0.080222
0.056844 0.079978
0.056810 0.079734
0.056777 0.079490
0.056743 0.079245
0.056709 0.078999
0.056675 0.078753
0.056640 0.078507
0.056606 0.078260
0.056572 0.078012
0.056537 0.077764
0.056503 0.077516
0.056468 0.077267
0.056434 0.077017
0.056399 0.076768
0.056364 0.076517
0.056329 0.076266
0.056294 0.076015
0.056259 0.075763
0.056223 0.075511
0.056188 0.075258
0.056153 0.075005
0.056117 0.074751
0.056081 0.074497
0.056046 0.074242
0.056010 0.073987
0.055974 0.073731
0.055938 0.073475
0.055902 0.073218
0.055866 0.072961
0.055830 0.072704
0.055793 0.072446
0.055757 0.072187
0.055721 0.071928
0.055684 0.071669
0.055647 0.071409
0.055611 0.071149
0.055574 0.070888
0.055537 0.070627
0.055500 0.070366
0.055463 0.070104
0.055426 0.069841
0.055388 0.069578
0.055351 0.069315
0.055313 0.069051
0.055276 0.068787
0.055238 0.068522
0.055201 0.068257
0.055163 0.067992
0.055125 0.067726
0.055087 0.067459
0.055049 0.067193
0.055011 0.066925
0.054973 0.066658
0.054934 0.066390
0.054896 0.066121
0.054857 0.065852
0.054819 0.065583
0.054780 0.065313
0.054741 0.065043
0.054702 0.064773
0.054664 0.064502
0.054625 0.064230
0.054585 0.063958
0.054546 0.063686
0.054507 0.063414
0.054468 0.063141
0.054428 0.062867
0.054389 0.062593
0.054349 0.062319
0.054309 0.062045
0.054270 0.061770
0.054230 0.061494
0.054190 0.061219
0.054150 0.060942
0.054110 0.060666
0.054069 0.060389
0.054029 0.060112
0.053989 0.059834
0.053948 0.059556
0.053908 0.059278
0.053867 0.058999
0.053826 0.058720
0.053785 0.058440
0.053745 0.058160
0.053704 0.057880
0.053662 0.057599
0.053621 0.057318
0.053580 0.057037
0.053539 0.056755
0.053497 0.056473
0.053456 0.056191
0.053414 0.055908
0.053373 0.055625
0.053331 0.055341
0.053289 0.055057
0.053247 0.054773
0.053205 0.054489
0.053163 0.054204
0.053121 0.053918
0.053079 0.053633
0.053036 0.053347
0.052994 0.053061
0.052951 0.052774
0.052909 0.052487
0.052866 0.052200
0.052823 0.051912
0.052781 0.051624
0.052738 0.051336
0.052695 0.051048
0.052652 0.050759
0.052608 0.050470
0.052565 0.050180
0.052522 0.049890
0.052478 0.049600
0.052435 0.049310
0.052391 0.049019
0.052348 0.048728
0.052304 0.048436
0.052260 0.048145
0.052216 0.047853
0.052172 0.047560
0.052128 0.047268
0.052084 0.046975
0.052040 0.046682
0.051995 0.046388
0.051951 0.046094
0.051906 0.045800
0.051862 0.045506
0.051817 0.045211
0.051773 0.044916
0.051728 0.044621
0.051683 0.044325
0.051638 0.044030
0.051593 0.043734
0.051548 0.043437
0.051502 0.043141
0.051457 0.042844
0.051412 0.042547
0.051366 0.042249
0.051321 0.041951
0.051275 0.041653
0.051229 0.041355
0.051184 0.041057
0.051138 0.040758
0.051092 0.040459
0.051046 0.040160
0.051000 0.039860
0.050953 0.039560
0.050907 0.039260
0.050861 0.038960
0.050814 0.038660
0.050768 0.038359
0.050721 0.038058
0.050675 0.037757
0.050628 0.037455
0.050581 0.037153
0.050534 0.036851
0.050487 0.036549
0.050440 0.036247
0.050393 0.035944
0.050346 0.035641
0.050298 0.035338
0.050251 0.035035
0.050203 0.034731
0.050156 0.034428
0.050108 0.034124
0.050060 0.033819
0.050013 0.033515
0.049965 0.033210
0.049917 0.032906
0.049869 0.032601
0.049821 0.032295
0.049773 0.031990
0.049724 0.031684
0.049676 0.031378
0.049628 0.031072
0.049579 0.030766
0.049530 0.030460
0.049482 0.030153
0.049433 0.029846
0.049384 0.029539
0.049335 0.029232
0.049286 0.028925
0.049237 0.028617
0.049188 0.028309
0.049139 0.028001
0.049090 0.027693
0.049040 0.027385
0.048991 0.027077
0.048941 0.026768
0.048892 0.026459
0.048842 0.026150
0.048792 0.025841
0.048743 0.025532
0.048693 0.025222
0.048643 0.024913
0.048593 0.024603
0.048543 0.024293
0.048492 0.023983
0.048442 0.023673
0.048392 0.023362
0.048341 0.023052
0.048291 0.022741
0.048240 0.022430
0.048190 0.022119
0.048139 0.021808
0.048088 0.021497
0.048037 0.021186
0.047986 0.020874
0.047935 0.020563
0.047884 0.020251
0.047833 0.019939
0.047781 0.019627
0.047730 0.019315
0.047679 0.019003
0.047627 0.018690
0.047576 0.018378
0.047524 0.018065
0.047472 0.017752
0.047421 0.017439
0.047369 0.017127
0.047317 0.016813
0.047265 0.016500
0.047213 0.016187
0.047160 0.015874
0.047108 0.015560
0.047056 0.015247
0.047003 0.014933
0.046951 0.014619
0.046898 0.014305
0.046846 0.013991
0.046793 0.013677
0.046740 0.013363
0.046688 0.013049
0.046635 0.012735
0.046582 0.012420
0.046529 0.012106
0.046475 0.011791
0.046422 0.011477
0.046369 0.011162
0.046316 0.010847
0.046262 0.010533
0.046209 0.010218
0.046155 0.009903
0.046101 0.009588
0.046048 0.009273
0.045994 0.008958
0.045940 0.008642
0.045886 0.008327
0.045832 0.008012
0.045778 0.007697
0.045724 0.007381
0.045670 0.007066
0.045615 0.006750
0.045561 0.006435
0.045507 0.006119
0.045452 0.005804
0.045397 0.005488
0.045343 0.005172
0.045288 0.004857
0.045233 0.004541
0.045178 0.004225
0.045123 0.003909
0.045068 0.003593
0.045013 0.003278
0.044958 0.002962
0.044903 0.002646
0.044848 0.002330
0.044792 0.002014
0.044737 0.001698
0.044681 0.001382
0.044626 0.001066
0.044570 0.000750
0.044514 0.000434
0.044459 0.000118
0.044403 -0.000197
0.044347 -0.000513
0.044291 -0.000829
0.044235 -0.001145
0.044179 -0.001461
0.044122 -0.001777
0.044066 -0.002093
0.044010 -0.002409
0.043953 -0.002725
0.043897 -0.003041
0.043840 -0.003357
0.043784 -0.003672
0.043727 -0.003988
0.043670 -0.004304
0.043613 -0.004620
0.043556 -0.004936
0.043500 -0.005251
0.043442 -0.005567
0.043385 -0.005882
0.043328 -0.006198
0.043271 -0.006514
0.043214 -0.006829
0.043156 -0.007145
0.043099 -0.007460
0.043041 -0.007775
0.042984 -0.008091
0.042926 -0.008406
0.042868 -0.008721
0.042811 -0.009036
0.042753 -0.009351
0.042695 -0.009667
0.042637 -0.009982
0.042579 -0.010296
0.042521 -0.010611
0.042462 -0.010926
0.042404 -0.011241
0.042346 -0.011555
0.042287 -0.011870
0.042229 -0.012185
0.042170 -0.012499
0.042112 -0.012813
0.042053 -0.013128
0.041994 -0.013442
0.041936 -0.013756
0.041877 -0.014070
0.041818 -0.014384
0.041759 -0.014698
0.041700 -0.015011
0.041641 -0.015325
0.041581 -0.015639
0.041522 -0.015952
0.041463 -0.016265
0.041403 -0.016579
0.041344 -0.016892
0.041284 -0.017205
0.041225 -0.017518
0.041165 -0.017831
0.041105 -0.018143
0.041046 -0.018456
0.040986 -0.018768
0.040926 -0.019081
0.040866 -0.019393
0.040806 -0.019705
0.040746 -0.020017
0.040686 -0.020329
0.040625 -0.020641
0.040565 -0.020952
0.040505 -0.021264
0.040444 -0.021575
0.040384 -0.021886
0.040323 -0.022197
0.040263 -0.022508
0.040202 -0.022819
0.040141 -0.023130
0.040080 -0.023440
0.040020 -0.023750
0.039959 -0.024061
0.039898 -0.024371
0.039837 -0.024680
0.039775 -0.024990
0.039714 -0.025300
0.039653 -0.025609
0.039592 -0.025918
0.039530 -0.026227
0.039469 -0.026536
0.039407 -0.026845
0.039346 -0.027154
0.039284 -0.027462
0.039223 -0.027770
0.039161 -0.028078
0.039099 -0.028386
0.039037 -0.028694
0.038975 -0.029001
0.038913 -0.029309
0.038851 -0.029616
0.038789 -0.029923
0.038727 -0.030230
0.038665 -0.030536
0.038602 -0.030843
0.038540 -0.031149
0.038478 -0.031455
0.038415 -0.031761
0.038352 -0.032066
0.038290 -0.032372
0.038227 -0.032677
0.038164 -0.032982
0.038102 -0.033287
0.038039 -0.033591
0.037976 -0.033896
0.037913 -0.034200
0.037850 -0.034504
0.037787 -0.034807
0.037724 -0.035111
0.037661 -0.035414
0.037597 -0.035717
0.037534 -0.036020
0.037471 -0.036323
0.037407 -0.036625
0.037344 -0.036927
0.037280 -0.037229
0.037216 -0.037531
0.037153 -0.037832
0.037089 -0.038133
0.037025 -0.038434
0.036961 -0.038735
0.036897 -0.039035
0.036834 -0.039335
0.036769 -0.039635
0.036705 -0.039935
0.036641 -0.040235
0.036577 -0.040534
0.036513 -0.040833
0.036448 -0.041131
0.036384 -0.041430
0.036320 -0.041728
0.036255 -0.042026
0.036191 -0.042324
0.036126 -0.042621
0.036061 -0.042918
0.035997 -0.043215
0.035932 -0.043511
0.035867 -0.043808
0.035802 -0.044104
0.035737 -0.044399
0.035672 -0.044695
0.035607 -0.044990
0.035542 -0.045285
0.035477 -0.045579
0.035412 -0.045874
0.035346 -0.046168
0.035281 -0.046461
0.035216 -0.046755
0.035150 -0.047048
0.035085 -0.047341
0.035019 -0.047633
0.034953 -0.047926
0.034888 -0.048218
0.034822 -0.048509
0.034756 -0.048801
0.034690 -0.049092
0.034625 -0.049382
0.034559 -0.049673
0.034493 -0.049963
0.034427 -0.050252
0.034360 -0.050542
0.034294 -0.050831
0.034228 -0.051120
0.034162 -0.051408
0.034095 -0.051696
0.034029 -0.051984
0.033963 -0.052272
0.033896 -0.052559
0.033830 -0.052846
0.033763 -0.053132
0.033696 -0.053418
0.033630 -0.053704
0.033563 -0.053990
0.033496 -0.054275
0.033429 -0.054560
0.033362 -0.054844
0.033295 -0.055128
0.033228 -0.055412
0.033161 -0.055696
0.033094 -0.055979
0.033027 -0.056261
0.032960 -0.056544
0.032893 -0.056826
0.032825 -0.057107
0.032758 -0.057389
0.032690 -0.057669
0.032623 -0.057950
0.032555 -0.058230
0.032488 -0.058510
0.032420 -0.058789
0.032352 -0.059069
0.032285 -0.059347
0.032217 -0.059626
0.032149 -0.059904
0.032081 -0.060181
0.032013 -0.060458
0.031945 -0.060735
0.031877 -0.061012
0.031809 -0.061288
0.031741 -0.061563
0.031673 -0.061838
0.031604 -0.062113
0.031536 -0.062388
0.031468 -0.062662
0.031399 -0.062936
0.031331 -0.063209
0.031262 -0.063482
0.031194 -0.063754
0.031125 -0.064026
0.031057 -0.064298
0.030988 -0.064569
0.030919 -0.064840
0.030850 -0.065111
0.030782 -0.065381
0.030713 -0.065650
0.030644 -0.065920
0.030575 -0.066188
0.030506 -0.066457
0.030437 -0.066725
0.030368 -0.066992
0.030298 -0.067259
0.030229 -0.067526
0.030160 -0.067792
0.030091 -0.068058
0.030021 -0.068324
0.029952 -0.068589
0.029882 -0.068853
0.029813 -0.069117
0.029743 -0.069381
0.029674 -0.069644
0.029604 -0.069907
0.029534 -0.070169
0.029465 -0.070431
0.029395 -0.070693
0.029325 -0.070954
0.029255 -0.071214
0.029185 -0.071474
0.029115 -0.071734
0.029045 -0.071993
0.028975 -0.072252
0.028905 -0.072510
0.028835 -0.072768
0.028765 -0.073026
0.028694 -0.073282
0.028624 -0.073539
0.028554 -0.073795
0.028483 -0.074050
0.028413 -0.074306
0.028342 -0.074560
0.028272 -0.074814
0.028201 -0.075068
0.028131 -0.075321
0.028060 -0.075574
0.027989 -0.075826
0.027919 -0.076078
0.027848 -0.076329
0.027777 -0.076580
0.027706 -0.076830
0.027635 -0.077080
0.027564 -0.077329
0.027493 -0.077578
0.027422 -0.077826
0.027351 -0.078074
0.027280 -0.078322
0.027209 -0.078568
0.027137 -0.078815
0.027066 -0.079061
0.026995 -0.079306
0.026924 -0.079551
0.026852 -0.079795
0.026781 -0.080039
0.026709 -0.080282
0.026638 -0.080525
0.026566 -0.080768
0.026495 -0.081010
0.026423 -0.081251
0.026351 -0.081492
0.026279 -0.081732
0.026208 -0.081972
0.026136 -0.082211
0.026064 -0.082450
0.025992 -0.082688
0.025920 -0.082926
0.025848 -0.083163
0.025776 -0.083399
0.025704 -0.083636
0.025632 -0.083871
0.025560 -0.084106
0.025488 -0.084341
0.025416 -0.084575
0.025343 -0.084808
0.025271 -0.085041
0.025199 -0.085273
0.025126 -0.085505
0.025054 -0.085737
0.024981 -0.085967
0.024909 -0.086198
0.024836 -0.086427
0.024764 -0.086656
0.024691 -0.086885
0.024618 -0.087113
0.024546 -0.087340
0.024473 -0.087567
0.024400 -0.087794
0.024327 -0.088020
0.024255 -0.088245
0.024182 -0.088470
0.024109 -0.088694
0.024036 -0.088917
0.023963 -0.089140
0.023890 -0.089363
0.023817 -0.089585
0.023744 -0.089806
0.023670 -0.090027
0.023597 -0.090247
0.023524 -0.090467
0.023451 -0.090686
0.023377 -0.090904
0.023304 -0.091122
0.023231 -0.091339
0.023157 -0.091556
0.023084 -0.091772
0.023010 -0.091988
0.022937 -0.092203
0.022863 -0.092417
0.022790 -0.092631
0.022716 -0.092844
0.022642 -0.093057
0.022569 -0.093269
0.022495 -0.093481
0.022421 -0.093692
0.022347 -0.093902
0.022274 -0.094112
0.022200 -0.094321
0.022126 -0.094529
0.022052 -0.094737
0.021978 -0.094945
0.021904 -0.095151
0.021830 -0.095357
0.021756 -0.095563
0.021682 -0.095768
0.021607 -0.095972
0.021533 -0.096176
0.021459 -0.096379
0.021385 -0.096582
0.021310 -0.096783
0.021236 -0.096985
0.021162 -0.097185
0.021087 -0.097385
0.021013 -0.097585
0.020938 -0.097784
0.020864 -0.097982
0.020789 -0.098179
0.020715 -0.098376
0.020640 -0.098573
0.020566 -0.098768
0.020491 -0.098964
0.020416 -0.099158
0.020342 -0.099352
0.020267 -0.099545
0.020192 -0.099738
0.020117 -0.099930
0.020042 -0.100121
0.019968 -0.100312
0.019893 -0.100502
0.019818 -0.100691
0.019743 -0.100880
0.019668 -0.101068
0.019593 -0.101256
0.019518 -0.101442
0.019443 -0.101629
0.019367 -0.101814
0.019292 -0.101999
0.019217 -0.102183
0.019142 -0.102367
0.019067 -0.102550
0.018991 -0.102732
0.018916 -0.102914
0.018841 -0.103095
0.018765 -0.103276
0.018690 -0.103455
0.018614 -0.103634
0.018539 -0.103813
0.018464 -0.103991
0.018388 -0.104168
0.018312 -0.104344
0.018237 -0.104520
0.018161 -0.104695
0.018086 -0.104870
0.018010 -0.105044
0.017934 -0.105217
0.017859 -0.105389
0.017783 -0.105561
0.017707 -0.105732
0.017631 -0.105903
0.017555 -0.106073
0.017480 -0.106242
0.017404 -0.106410
0.017328 -0.106578
0.017252 -0.106745
0.017176 -0.106912
0.017100 -0.107077
0.017024 -0.107243
0.016948 -0.107407
0.016872 -0.107571
0.016796 -0.107734
0.016719 -0.107896
0.016643 -0.108058
0.016567 -0.108219
0.016491 -0.108379
0.016415 -0.108539
0.016338 -0.108698
0.016262 -0.108856
0.016186 -0.109014
0.016110 -0.109171
0.016033 -0.109327
0.015957 -0.109483
0.015880 -0.109637
0.015804 -0.109792
0.015727 -0.109945
0.015651 -0.110098
0.015574 -0.110250
0.015498 -0.110401
0.015421 -0.110552
0.015345 -0.110702
0.015268 -0.110851
0.015192 -0.111000
0.015115 -0.111148
0.015038 -0.111295
0.014961 -0.111441
0.014885 -0.111587
0.014808 -0.111732
0.014731 -0.111876
0.014654 -0.112020
0.014578 -0.112163
0.014501 -0.112305
0.014424 -0.112447
0.014347 -0.112588
0.014270 -0.112728
0.014193 -0.112867
0.014116 -0.113006
0.014039 -0.113144
0.013962 -0.113281
0.013885 -0.113417
0.013808 -0.113553
0.013731 -0.113688
0.013654 -0.113823
0.013577 -0.113956
0.013500 -0.114089
0.013423 -0.114221
0.013345 -0.114353
0.013268 -0.114484
0.013191 -0.114614
0.013114 -0.114743
0.013036 -0.114872
0.012959 -0.115000
0.012882 -0.115127
0.012805 -0.115253
0.012727 -0.115379
0.012650 -0.115504
0.012572 -0.115628
0.012495 -0.115751
0.012418 -0.115874
0.012340 -0.115996
0.012263 -0.116118
0.012185 -0.116238
0.012108 -0.116358
0.012030 -0.116477
0.011953 -0.116595
0.011875 -0.116713
0.011798 -0.116830
0.011720 -0.116946
0.011642 -0.117061
0.011565 -0.117176
0.011487 -0.117290
0.011409 -0.117403
0.011332 -0.117516
0.011254 -0.117627
0.011176 -0.117738
0.011099 -0.117849
0.011021 -0.117958
0.010943 -0.118067
0.010865 -0.118175
0.010787 -0.118282
0.010710 -0.118388
0.010632 -0.118494
0.010554 -0.118599
0.010476 -0.118703
0.010398 -0.118807
0.010320 -0.118910
0.010242 -0.119012
0.010164 -0.119113
0.010086 -0.119213
0.010008 -0.119313
0.009930 -0.119412
0.009852 -0.119510
0.009774 -0.119608
0.009696 -0.119704
0.009618 -0.119800
0.009540 -0.119896
0.009462 -0.119990
0.009384 -0.120084
0.009306 -0.120177
0.009228 -0.120269
0.009150 -0.120360
0.009072 -0.120451
0.008993 -0.120541
0.008915 -0.120630
0.008837 -0.120718
0.008759 -0.120806
0.008681 -0.120893
0.008602 -0.120979
0.008524 -0.121064
0.008446 -0.121149
0.008368 -0.121232
0.008289 -0.121315
0.008211 -0.121398
0.008133 -0.121479
0.008054 -0.121560
0.007976 -0.121640
0.007898 -0.121719
0.007819 -0.121797
0.007741 -0.121875
0.007663 -0.121952
0.007584 -0.122028
0.007506 -0.122103
0.007427 -0.122178
0.007349 -0.122251
0.007270 -0.122324
0.007192 -0.122397
0.007113 -0.122468
0.007035 -0.122539
0.006956 -0.122609
0.006878 -0.122678
0.006799 -0.122746
0.006721 -0.122814
0.006642 -0.122881
0.006564 -0.122947
0.006485 -0.123012
0.006407 -0.123076
0.006328 -0.123140
0.006249 -0.123203
0.006171 -0.123265
0.006092 -0.123326
0.006014 -0.123387
0.005935 -0.123447
0.005856 -0.123506
0.005778 -0.123564
0.005699 -0.123622
0.005620 -0.123678
0.005542 -0.123734
0.005463 -0.123789
0.005384 -0.123844
0.005306 -0.123897
0.005227 -0.123950
0.005148 -0.124002
0.005069 -0.124053
0.004991 -0.124103
0.004912 -0.124153
0.004833 -0.124202
0.004755 -0.124250
0.004676 -0.124297
0.004597 -0.124344
0.004518 -0.124389
0.004439 -0.124434
0.004361 -0.124479
0.004282 -0.124522
0.004203 -0.124564
0.004124 -0.124606
0.004045 -0.124647
0.003967 -0.124687
0.003888 -0.124727
0.003809 -0.124765
0.003730 -0.124803
0.003651 -0.124840
0.003572 -0.124877
0.003493 -0.124912
0.003415 -0.124947
0.003336 -0.124981
0.003257 -0.125014
0.003178 -0.125046
0.003099 -0.125078
0.003020 -0.125108
0.002941 -0.125138
0.002862 -0.125167
0.002783 -0.125196
0.002705 -0.125223
0.002626 -0.125250
0.002547 -0.125276
0.002468 -0.125301
0.002389 -0.125326
0.002310 -0.125349
0.002231 -0.125372
0.002152 -0.125394
0.002073 -0.125415
0.001994 -0.125436
0.001915 -0.125455
0.001836 -0.125474
0.001757 -0.125492
0.001678 -0.125510
0.001599 -0.125526
0.001520 -0.125542
0.001441 -0.125557
0.001362 -0.125571
0.001283 -0.125584
0.001204 -0.125596
0.001126 -0.125608
0.001047 -0.125619
0.000968 -0.125629
0.000889 -0.125639
0.000810 -0.125647
0.000731 -0.125655
0.000652 -0.125662
0.000573 -0.125668
0.000494 -0.125673
0.000415 -0.125678
0.000336 -0.125682
0.000257 -0.125685
0.000178 -0.125687
0.000099 -0.125688
0.000020 -0.125689
-0.000059 -0.125689
-0.000138 -0.125688
-0.000217 -0.125686
-0.000296 -0.125683
-0.000375 -0.125680
-0.000454 -0.125676
-0.000533 -0.125671
-0.000612 -0.125665
-0.000691 -0.125658
-0.000770 -0.125651
-0.000849 -0.125643
-0.000928 -0.125634
-0.001007 -0.125624
-0.001086 -0.125614
-0.001165 -0.125602
-0.001244 -0.125590
-0.001323 -0.125577
-0.001402 -0.125564
-0.001481 -0.125549
-0.001560 -0.125534
-0.001639 -0.125518
-0.001718 -0.125501
-0.001797 -0.125483
-0.001876 -0.125465
-0.001955 -0.125446
-0.002034 -0.125426
-0.002113 -0.125405
-0.002191 -0.125383
-0.002270 -0.125361
-0.002349 -0.125337
-0.002428 -0.125313
-0.002507 -0.125289
-0.002586 -0.125263
-0.002665 -0.125237
-0.002744 -0.125210
-0.002823 -0.125182
-0.002902 -0.125153
-0.002981 -0.125123
-0.003060 -0.125093
-0.003138 -0.125062
-0.003217 -0.125030
-0.003296 -0.124997
-0.003375 -0.124964
-0.003454 -0.124929
-0.003533 -0.124894
-0.003612 -0.124859
-0.003691 -0.124822
-0.003769 -0.124784
-0.003848 -0.124746
-0.003927 -0.124707
-0.004006 -0.124667
-0.004085 -0.124627
-0.004164 -0.124585
-0.004242 -0.124543
-0.004321 -0.124500
-0.004400 -0.124457
-0.004479 -0.124412
-0.004558 -0.124367
-0.004636 -0.124321
-0.004715 -0.124274
-0.004794 -0.124226
-0.004873 -0.124178
-0.004951 -0.124128
-0.005030 -0.124078
-0.005109 -0.124028
-0.005188 -0.123976
-0.005266 -0.123924
-0.005345 -0.123870
-0.005424 -0.123816
-0.005502 -0.123762
-0.005581 -0.123706
-0.005660 -0.123650
-0.005738 -0.123593
-0.005817 -0.123535
-0.005896 -0.123476
-0.005974 -0.123417
-0.006053 -0.123357
-0.006132 -0.123296
-0.006210 -0.123234
-0.006289 -0.123172
-0.006367 -0.123108
-0.006446 -0.123044
-0.006525 -0.122979
-0.006603 -0.122914
-0.006682 -0.122847
-0.006760 -0.122780
-0.006839 -0.122712
-0.006917 -0.122643
-0.006996 -0.122574
-0.007074 -0.122504
-0.007153 -0.122432
-0.007231 -0.122361
-0.007310 -0.122288
-0.007388 -0.122215
-0.007466 -0.122140
-0.007545 -0.122066
-0.007623 -0.121990
-0.007702 -0.121913
-0.007780 -0.121836
-0.007858 -0.121758
-0.007937 -0.121679
-0.008015 -0.121600
-0.008094 -0.121519
-0.008172 -0.121438
-0.008250 -0.121357
-0.008328 -0.121274
-0.008407 -0.121191
-0.008485 -0.121106
-0.008563 -0.121021
-0.008642 -0.120936
-0.008720 -0.120849
-0.008798 -0.120762
-0.008876 -0.120674
-0.008954 -0.120585
-0.009033 -0.120496
-0.009111 -0.120406
-0.009189 -0.120315
-0.009267 -0.120223
-0.009345 -0.120130
-0.009423 -0.120037
-0.009501 -0.119943
-0.009579 -0.119848
-0.009657 -0.119753
-0.009735 -0.119656
-0.009813 -0.119559
-0.009891 -0.119461
-0.009969 -0.119363
-0.010047 -0.119263
-0.010125 -0.119163
-0.010203 -0.119062
-0.010281 -0.118961
-0.010359 -0.118858
-0.010437 -0.118755
-0.010515 -0.118651
-0.010593 -0.118547
-0.010671 -0.118441
-0.010749 -0.118335
-0.010826 -0.118228
-0.010904 -0.118121
-0.010982 -0.118012
-0.011060 -0.117903
-0.011137 -0.117794
-0.011215 -0.117683
-0.011293 -0.117572
-0.011371 -0.117460
-0.011448 -0.117347
-0.011526 -0.117233
-0.011604 -0.117119
-0.011681 -0.117004
-0.011759 -0.116888
-0.011836 -0.116772
-0.011914 -0.116654
-0.011991 -0.116536
-0.012069 -0.116418
-0.012147 -0.116298
-0.012224 -0.116178
-0.012301 -0.116057
-0.012379 -0.115935
-0.012456 -0.115813
-0.012534 -0.115690
-0.012611 -0.115566
-0.012689 -0.115441
-0.012766 -0.115316
-0.012843 -0.115190
-0.012921 -0.115063
-0.012998 -0.114936
-0.013075 -0.114807
-0.013152 -0.114678
-0.013230 -0.114549
-0.013307 -0.114418
-0.013384 -0.114287
-0.013461 -0.114155
-0.013538 -0.114023
-0.013615 -0.113890
-0.013693 -0.113756
-0.013770 -0.113621
-0.013847 -0.113485
-0.013924 -0.113349
-0.014001 -0.113212
-0.014078 -0.113075
-0.014155 -0.112936
-0.014232 -0.112797
-0.014309 -0.112658
-0.014385 -0.112517
-0.014462 -0.112376
-0.014539 -0.112234
-0.014616 -0.112092
-0.014693 -0.111948
-0.014770 -0.111804
-0.014846 -0.111660
-0.014923 -0.111514
-0.015000 -0.111368
-0.015077 -0.111221
-0.015153 -0.111074
-0.015230 -0.110925
-0.015306 -0.110777
-0.015383 -0.110627
-0.015460 -0.110477
-0.015536 -0.110326
-0.015613 -0.110174
-0.015689 -0.110021
-0.015766 -0.109868
-0.015842 -0.109715
-0.015919 -0.109560
-0.015995 -0.109405
-0.016071 -0.109249
-0.016148 -0.109092
-0.016224 -0.108935
-0.016300 -0.108777
-0.016377 -0.108619
-0.016453 -0.108459
-0.016529 -0.108299
-0.016605 -0.108139
-0.016681 -0.107977
-0.016758 -0.107815
-0.016834 -0.107652
-0.016910 -0.107489
-0.016986 -0.107325
-0.017062 -0.107160
-0.017138 -0.106995
-0.017214 -0.106829
-0.017290 -0.106662
-0.017366 -0.106494
-0.017442 -0.106326
-0.017517 -0.106157
-0.017593 -0.105988
-0.017669 -0.105818
-0.017745 -0.105647
-0.017821 -0.105475
-0.017896 -0.105303
-0.017972 -0.105130
-0.018048 -0.104957
-0.018123 -0.104783
-0.018199 -0.104608
-0.018275 -0.104432
-0.018350 -0.104256
-0.018426 -0.104079
-0.018501 -0.103902
-0.018577 -0.103724
-0.018652 -0.103545
-0.018728 -0.103366
-0.018803 -0.103186
-0.018878 -0.103005
-0.018954 -0.102823
-0.019029 -0.102641
-0.019104 -0.102459
-0.019179 -0.102275
-0.019255 -0.102091
-0.019330 -0.101907
-0.019405 -0.101722
-0.019480 -0.101536
-0.019555 -0.101349
-0.019630 -0.101162
-0.019705 -0.100974
-0.019780 -0.100786
-0.019855 -0.100596
-0.019930 -0.100407
-0.020005 -0.100216
-0.020080 -0.100025
-0.020155 -0.099834
-0.020230 -0.099641
-0.020304 -0.099449
-0.020379 -0.099255
-0.020454 -0.099061
-0.020528 -0.098866
-0.020603 -0.098671
-0.020678 -0.098475
-0.020752 -0.098278
-0.020827 -0.098081
-0.020901 -0.097883
-0.020976 -0.097684
-0.021050 -0.097485
-0.021125 -0.097285
-0.021199 -0.097085
-0.021273 -0.096884
-0.021348 -0.096683
-0.021422 -0.096480
-0.021496 -0.096278
-0.021570 -0.096074
-0.021644 -0.095870
-0.021719 -0.095666
-0.021793 -0.095460
-0.021867 -0.095254
-0.021941 -0.095048
-0.022015 -0.094841
-0.022089 -0.094633
-0.022163 -0.094425
-0.022237 -0.094216
-0.022311 -0.094007
-0.022384 -0.093797
-0.022458 -0.093586
-0.022532 -0.093375
-0.022606 -0.093163
-0.022679 -0.092951
-0.022753 -0.092738
-0.022827 -0.092524
-0.022900 -0.092310
-0.022974 -0.092095
-0.023047 -0.091880
-0.023121 -0.091664
-0.023194 -0.091448
-0.023267 -0.091231
-0.023341 -0.091013
-0.023414 -0.090795
-0.023487 -0.090576
-0.023561 -0.090357
-0.023634 -0.090137
-0.023707 -0.089916
-0.023780 -0.089695
-0.023853 -0.089474
-0.023926 -0.089252
-0.023999 -0.089029
-0.024072 -0.088806
-0.024145 -0.088582
-0.024218 -0.088357
-0.024291 -0.088132
-0.024364 -0.087907
-0.024437 -0.087681
-0.024509 -0.087454
-0.024582 -0.087227
-0.024655 -0.086999
-0.024727 -0.086771
-0.024800 -0.086542
-0.024873 -0.086312
-0.024945 -0.086083
-0.025018 -0.085852
-0.025090 -0.085621
-0.025162 -0.085389
-0.025235 -0.085157
-0.025307 -0.084925
-0.025379 -0.084691
-0.025452 -0.084458
-0.025524 -0.084223
-0.025596 -0.083989
-0.025668 -0.083753
-0.025740 -0.083518
-0.025812 -0.083281
-0.025884 -0.083044
-0.025956 -0.082807
-0.026028 -0.082569
-0.026100 -0.082330
-0.026172 -0.082091
-0.026244 -0.081852
-0.026315 -0.081612
-0.026387 -0.081371
-0.026459 -0.081130
-0.026530 -0.080889
-0.026602 -0.080647
-0.026673 -0.080404
-0.026745 -0.080161
-0.026816 -0.079917
-0.026888 -0.079673
-0.026959 -0.079429
-0.027031 -0.079183
-0.027102 -0.078938
-0.027173 -0.078692
-0.027244 -0.078445
-0.027315 -0.078198
-0.027387 -0.077950
-0.027458 -0.077702
-0.027529 -0.077454
-0.027600 -0.077205
-0.027671 -0.076955
-0.027741 -0.076705
-0.027812 -0.076454
-0.027883 -0.076203
-0.027954 -0.075952
-0.028025 -0.075700
-0.028095 -0.075447
-0.028166 -0.075195
-0.028237 -0.074941
-0.028307 -0.074687
-0.028378 -0.074433
-0.028448 -0.074178
-0.028518 -0.073923
-0.028589 -0.073667
-0.028659 -0.073411
-0.028729 -0.073154
-0.028800 -0.072897
-0.028870 -0.072639
-0.028940 -0.072381
-0.029010 -0.072123
-0.029080 -0.071864
-0.029150 -0.071604
-0.029220 -0.071344
-0.029290 -0.071084
-0.029360 -0.070823
-0.029430 -0.070562
-0.029499 -0.070300
-0.029569 -0.070038
-0.029639 -0.069776
-0.029708 -0.069513
-0.029778 -0.069249
-0.029848 -0.068985
-0.029917 -0.068721
-0.029986 -0.068456
-0.030056 -0.068191
-0.030125 -0.067925
-0.030195 -0.067659
-0.030264 -0.067393
-0.030333 -0.067126
-0.030402 -0.066859
-0.030471 -0.066591
-0.030540 -0.066323
-0.030609 -0.066054
-0.030678 -0.065785
-0.030747 -0.065516
-0.030816 -0.065246
-0.030885 -0.064975
-0.030954 -0.064705
-0.031022 -0.064434
-0.031091 -0.064162
-0.031160 -0.063890
-0.031228 -0.063618
-0.031297 -0.063345
-0.031365 -0.063072
-0.031434 -0.062799
-0.031502 -0.062525
-0.031570 -0.062251
-0.031639 -0.061976
-0.031707 -0.061701
-0.031775 -0.061425
-0.031843 -0.061150
-0.031911 -0.060873
-0.031979 -0.060597
-0.032047 -0.060320
-0.032115 -0.060042
-0.032183 -0.059765
-0.032251 -0.059486
-0.032319 -0.059208
-0.032386 -0.058929
-0.032454 -0.058650
-0.032522 -0.058370
-0.032589 -0.058090
-0.032657 -0.057810
-0.032724 -0.057529
-0.032791 -0.057248
-0.032859 -0.056966
-0.032926 -0.056685
-0.032993 -0.056402
-0.033061 -0.056120
-0.033128 -0.055837
-0.033195 -0.055554
-0.033262 -0.055270
-0.033329 -0.054986
-0.033396 -0.054702
-0.033463 -0.054417
-0.033530 -0.054132
-0.033596 -0.053847
-0.033663 -0.053561
-0.033730 -0.053275
-0.033796 -0.052989
-0.033863 -0.052702
-0.033929 -0.052415
-0.033996 -0.052128
-0.034062 -0.051840
-0.034129 -0.051552
-0.034195 -0.051264
-0.034261 -0.050975
-0.034327 -0.050687
-0.034394 -0.050397
-0.034460 -0.050108
-0.034526 -0.049818
-0.034592 -0.049527
-0.034658 -0.049237
-0.034723 -0.048946
-0.034789 -0.048655
-0.034855 -0.048363
-0.034921 -0.048072
-0.034986 -0.047780
-0.035052 -0.047487
-0.035117 -0.047195
-0.035183 -0.046902
-0.035248 -0.046608
-0.035314 -0.046315
-0.035379 -0.046021
-0.035444 -0.045727
-0.035509 -0.045432
-0.035575 -0.045137
-0.035640 -0.044842
-0.035705 -0.044547
-0.035770 -0.044252
-0.035835 -0.043956
-0.035899 -0.043660
-0.035964 -0.043363
-0.036029 -0.043066
-0.036094 -0.042769
-0.036158 -0.042472
-0.036223 -0.042175
-0.036287 -0.041877
-0.036352 -0.041579
-0.036416 -0.041281
-0.036481 -0.040982
-0.036545 -0.040683
-0.036609 -0.040384
-0.036673 -0.040085
-0.036737 -0.039785
-0.036801 -0.039485
-0.036865 -0.039185
-0.036929 -0.038885
-0.036993 -0.038584
-0.037057 -0.038284
-0.037121 -0.037983
-0.037185 -0.037681
-0.037248 -0.037380
-0.037312 -0.037078
-0.037375 -0.036776
-0.037439 -0.036474
-0.037502 -0.036171
-0.037566 -0.035869
-0.037629 -0.035566
-0.037692 -0.035262
-0.037755 -0.034959
-0.037818 -0.034655
-0.037881 -0.034352
-0.037944 -0.034048
-0.038007 -0.033743
-0.038070 -0.033439
-0.038133 -0.033134
-0.038196 -0.032829
-0.038259 -0.032524
-0.038321 -0.032219
-0.038384 -0.031914
-0.038446 -0.031608
-0.038509 -0.031302
-0.038571 -0.030996
-0.038633 -0.030690
-0.038696 -0.030383
-0.038758 -0.030076
-0.038820 -0.029769
-0.038882 -0.029462
-0.038944 -0.029155
-0.039006 -0.028848
-0.039068 -0.028540
-0.039130 -0.028232
-0.039192 -0.027924
-0.039253 -0.027616
-0.039315 -0.027308
-0.039377 -0.026999
-0.039438 -0.026691
-0.039500 -0.026382
-0.039561 -0.026073
-0.039622 -0.025764
-0.039684 -0.025454
-0.039745 -0.025145
-0.039806 -0.024835
-0.039867 -0.024526
-0.039928 -0.024216
-0.039989 -0.023905
-0.040050 -0.023595
-0.040111 -0.023285
-0.040172 -0.022974
-0.040232 -0.022664
-0.040293 -0.022353
-0.040354 -0.022042
-0.040414 -0.021731
-0.040475 -0.021419
-0.040535 -0.021108
-0.040595 -0.020796
-0.040656 -0.020485
-0.040716 -0.020173
-0.040776 -0.019861
-0.040836 -0.019549
-0.040896 -0.019237
-0.040956 -0.018924
-0.041016 -0.018612
-0.041076 -0.018300
-0.041135 -0.017987
-0.041195 -0.017674
-0.041255 -0.017361
-0.041314 -0.017048
-0.041374 -0.016735
-0.041433 -0.016422
-0.041492 -0.016109
-0.041552 -0.015795
-0.041611 -0.015482
-0.041670 -0.015168
-0.041729 -0.014855
-0.041788 -0.014541
-0.041847 -0.014227
-0.041906 -0.013913
-0.041965 -0.013599
-0.042024 -0.013285
-0.042082 -0.012970
-0.042141 -0.012656
-0.042200 -0.012342
-0.042258 -0.012027
-0.042317 -0.011713
-0.042375 -0.011398
-0.042433 -0.011083
-0.042491 -0.010769
-0.042550 -0.010454
-0.042608 -0.010139
-0.042666 -0.009824
-0.042724 -0.009509
-0.042782 -0.009194
-0.042839 -0.008879
-0.042897 -0.008564
-0.042955 -0.008248
-0.043012 -0.007933
-0.043070 -0.007618
-0.043128 -0.007302
-0.043185 -0.006987
-0.043242 -0.006671
-0.043300 -0.006356
-0.043357 -0.006040
-0.043414 -0.005725
-0.043471 -0.005409
-0.043528 -0.005093
-0.043585 -0.004778
-0.043642 -0.004462
-0.043699 -0.004146
-0.043755 -0.003830
-0.043812 -0.003515
-0.043869 -0.003199
-0.043925 -0.002883
-0.043982 -0.002567
-0.044038 -0.002251
-0.044094 -0.001935
-0.044151 -0.001619
-0.044207 -0.001303
-0.044263 -0.000987
-0.044319 -0.000671
-0.044375 -0.000355
-0.044431 -0.000039
-0.044487 0.000276
-0.044542 0.000592
-0.044598 0.000908
-0.044654 0.001224
-0.044709 0.001540
-0.044765 0.001856
-0.044820 0.002172
-0.044875 0.002488
-0.044931 0.002804
-0.044986 0.003120
-0.045041 0.003436
-0.045096 0.003751
-0.045151 0.004067
-0.045206 0.004383
-0.045261 0.004699
-0.045315 0.005014
-0.045370 0.005330
-0.045425 0.005646
-0.045479 0.005961
-0.045534 0.006277
-0.045588 0.006593
-0.045643 0.006908
-0.045697 0.007223
-0.045751 0.007539
-0.045805 0.007854
-0.045859 0.008170
-0.045913 0.008485
-0.045967 0.008800
-0.046021 0.009115
-0.046075 0.009430
-0.046128 0.009745
-0.046182 0.010060
-0.046235 0.010375
-0.046289 0.010690
-0.046342 0.011005
-0.046396 0.011319
-0.046449 0.011634
-0.046502 0.011949
-0.046555 0.012263
-0.046608 0.012578
-0.046661 0.012892
-0.046714 0.013206
-0.046767 0.013520
-0.046819 0.013834
-0.046872 0.014148
-0.046925 0.014462
-0.046977 0.014776
-0.047030 0.015090
-0.047082 0.015403
-0.047134 0.015717
-0.047186 0.016030
-0.047239 0.016344
-0.047291 0.016657
-0.047343 0.016970
-0.047395 0.017283
-0.047446 0.017596
-0.047498 0.017909
-0.047550 0.018221
-0.047601 0.018534
-0.047653 0.018846
-0.047704 0.019159
-0.047756 0.019471
-0.047807 0.019783
-0.047858 0.020095
-0.047910 0.020407
-0.047961 0.020718
-0.048012 0.021030
-0.048063 0.021341
-0.048113 0.021653
-0.048164 0.021964
-0.048215 0.022275
-0.048266 0.022586
-0.048316 0.022897
-0.048367 0.023207
-0.048417 0.023518
-0.048467 0.023828
-0.048517 0.024138
-0.048568 0.024448
-0.048618 0.024758
-0.048668 0.025068
-0.048718 0.025377
-0.048768 0.025686
-0.048817 0.025996
-0.048867 0.026305
-0.048917 0.026614
-0.048966 0.026922
-0.049016 0.027231
-0.049065 0.027539
-0.049114 0.027847
-0.049164 0.028155
-0.049213 0.028463
-0.049262 0.028771
-0.049311 0.029078
-0.049360 0.029386
-0.049409 0.029693
-0.049457 0.030000
-0.049506 0.030306
-0.049555 0.030613
-0.049603 0.030919
-0.049652 0.031225
-0.049700 0.031531
-0.049748 0.031837
-0.049797 0.032143
-0.049845 0.032448
-0.049893 0.032753
-0.049941 0.033058
-0.049989 0.033363
-0.050037 0.033667
-0.050084 0.033972
-0.050132 0.034276
-0.050180 0.034580
-0.050227 0.034883
-0.050275 0.035187
-0.050322 0.035490
-0.050369 0.035793
-0.050416 0.036096
-0.050464 0.036398
-0.050511 0.036700
-0.050557 0.037002
-0.050604 0.037304
-0.050651 0.037606
-0.050698 0.037907
-0.050745 0.038208
-0.050791 0.038509
-0.050838 0.038810
-0.050884 0.039110
-0.050930 0.039410
-0.050977 0.039710
-0.051023 0.040010
-0.051069 0.040309
-0.051115 0.040609
-0.051161 0.040907
-0.051206 0.041206
-0.051252 0.041504
-0.051298 0.041802
-0.051343 0.042100
-0.051389 0.042398
-0.051434 0.042695
-0.051480 0.042992
-0.051525 0.043289
-0.051570 0.043585
-0.051615 0.043882
-0.051660 0.044178
-0.051705 0.044473
-0.051750 0.044769
-0.051795 0.045064
-0.051840 0.045359
-0.051884 0.045653
-0.051929 0.045947
-0.051973 0.046241
-0.052018 0.046535
-0.052062 0.046828
-0.052106 0.047121
-0.052150 0.047414
-0.052194 0.047707
-0.052238 0.047999
-0.052282 0.048291
-0.052326 0.048582
-0.052369 0.048873
-0.052413 0.049164
-0.052457 0.049455
-0.052500 0.049745
-0.052543 0.050035
-0.052587 0.050325
-0.052630 0.050614
-0.052673 0.050903
-0.052716 0.051192
-0.052759 0.051480
-0.052802 0.051768
-0.052845 0.052056
-0.052887 0.052344
-0.052930 0.052631
-0.052973 0.052917
-0.053015 0.053204
-0.053057 0.053490
-0.053100 0.053776
-0.053142 0.054061
-0.053184 0.054346
-0.053226 0.054631
-0.053268 0.054915
-0.053310 0.055199
-0.053352 0.055483
-0.053393 0.055766
-0.053435 0.056049
-0.053477 0.056332
-0.053518 0.056614
-0.053559 0.056896
-0.053601 0.057178
-0.053642 0.057459
-0.053683 0.057740
-0.053724 0.058020
-0.053765 0.058300
-0.053806 0.058580
-0.053847 0.058859
-0.053887 0.059138
-0.053928 0.059417
-0.053968 0.059695
-0.054009 0.059973
-0.054049 0.060250
-0.054089 0.060528
-0.054130 0.060804
-0.054170 0.061081
-0.054210 0.061356
-0.054250 0.061632
-0.054289 0.061907
-0.054329 0.062182
-0.054369 0.062456
-0.054408 0.062730
-0.054448 0.063004
-0.054487 0.063277
-0.054527 0.063550
-0.054566 0.063822
-0.054605 0.064094
-0.054644 0.064366
-0.054683 0.064637
-0.054722 0.064908
-0.054761 0.065178
-0.054799 0.065448
-0.054838 0.065718
-0.054877 0.065987
-0.054915 0.066255
-0.054953 0.066524
-0.054992 0.066792
-0.055030 0.067059
-0.055068 0.067326
-0.055106 0.067593
-0.055144 0.067859
-0.055182 0.068125
-0.055219 0.068390
-0.055257 0.068655
-0.055295 0.068919
-0.055332 0.069183
-0.055370 0.069447
-0.055407 0.069710
-0.055444 0.069973
-0.055481 0.070235
-0.055518 0.070497
-0.055555 0.070758
-0.055592 0.071019
-0.055629 0.071279
-0.055666 0.071539
-0.055702 0.071799
-0.055739 0.072058
-0.055775 0.072317
-0.055812 0.072575
-0.055848 0.072833
-0.055884 0.073090
-0.055920 0.073347
-0.055956 0.073603
-0.055992 0.073859
-0.056028 0.074114
-0.056064 0.074369
-0.056099 0.074624
-0.056135 0.074878
-0.056170 0.075131
-0.056206 0.075384
-0.056241 0.075637
-0.056276 0.075889
-0.056311 0.076141
-0.056346 0.076392
-0.056381 0.076642
-0.056416 0.076893
-0.056451 0.077142
-0.056486 0.077391
-0.056520 0.077640
-0.056555 0.077888
-0.056589 0.078136
-0.056623 0.078383
-0.056658 0.078630
-0.056692 0.078876
-0.056726 0.079122
-0.056760 0.079367
-0.056794 0.079612
-0.056827 0.079856
-0.056861 0.080100
-0.056895 0.080343
-0.056928 0.080586
-0.056961 0.080828
-0.056995 0.081070
-0.057028 0.081311
-0.057061 0.081552
-0.057094 0.081792
-0.057127 0.082032
-0.057160 0.082271
-0.057193 0.082509
-0.057226 0.082747
-0.057258 0.082985
-0.057291 0.083222
-0.057323 0.083458
-0.057355 0.083694
-0.057388 0.083930
-0.057420 0.084165
-0.057452 0.084399
-0.057484 0.084633
-0.057516 0.084866
-0.057547 0.085099
-0.057579 0.085331
-0.057611 0.085563
-0.057642 0.085794
-0.057674 0.086025
-0.057705 0.086255
-0.057736 0.086485
-0.057767 0.086714
-0.057798 0.086942
-0.057829 0.087170
-0.057860 0.087397
-0.057891 0.087624
-0.057922 0.087850
-0.057952 0.088076
-0.057983 0.088301
-0.058013 0.088526
-0.058044 0.088750
-0.058074 0.088973
-0.058104 0.089196
-0.058134 0.089418
-0.058164 0.089640
-0.058194 0.089861
-0.058224 0.090082
-0.058253 0.090302
-0.058283 0.090521
-0.058312 0.090740
-0.058342 0.090959
-0.058371 0.091176
-0.058400 0.091394
-0.058430 0.091610
-0.058459 0.091826
-0.058487 0.092042
-0.058516 0.092257
-0.058545 0.092471
-0.058574 0.092685
-0.058602 0.092898
-0.058631 0.093110
-0.058659 0.093322
-0.058688 0.093533
-0.058716 0.093744
-0.058744 0.093954
-0.058772 0.094164
-0.058800 0.094373
-0.058828 0.094581
-0.058855 0.094789
-0.058883 0.094996
-0.058911 0.095203
-0.058938 0.095409
-0.058965 0.095614
-0.058993 0.095819
-0.059020 0.096023
-0.059047 0.096227
-0.059074 0.096430
-0.059101 0.096632
-0.059128 0.096834
-0.059154 0.097035
-0.059181 0.097235
-0.059207 0.097435
-0.059234 0.097635
-0.059260 0.097833
-0.059287 0.098031
-0.059313 0.098229
-0.059339 0.098426
-0.059365 0.098622
-0.059391 0.098817
-0.059416 0.099012
-0.059442 0.099207
-0.059468 0.099400
-0.059493 0.099593
-0.059519 0.099786
-0.059544 0.099978
-0.059569 0.100169
-0.059594 0.100359
-0.059619 0.100549
-0.059644 0.100738
-0.059669 0.100927
-0.059694 0.101115
-0.059718 0.101302
-0.059743 0.101489
-0.059767 0.101675
-0.059792 0.101861
-0.059816 0.102045
-0.059840 0.102229
-0.059864 0.102413
-0.059888 0.102596
-0.059912 0.102778
-0.059936 0.102960
-0.059960 0.103140
-0.059983 0.103321
-0.060007 0.103500
-0.060030 0.103679
-0.060054 0.103857
-0.060077 0.104035
-0.060100 0.104212
-0.060123 0.104388
-0.060146 0.104564
-0.060169 0.104739
-0.060191 0.104913
-0.060214 0.105087
-0.060237 0.105260
-0.060259 0.105432
-0.060282 0.105604
-0.060304 0.105775
-0.060326 0.105945
-0.060348 0.106115
-0.060370 0.106284
-0.060392 0.106452
-0.060414 0.106620
-0.060436 0.106787
-0.060457 0.106953
-0.060479 0.107119
-0.060500 0.107284
-0.060521 0.107448
-0.060543 0.107612
-0.060564 0.107775
-0.060585 0.107937
-0.060606 0.108098
-0.060627 0.108259
-0.060647 0.108419
-0.060668 0.108579
-0.060689 0.108738
-0.060709 0.108896
-0.060729 0.109053
-0.060750 0.109210
-0.060770 0.109366
-0.060790 0.109521
-0.060810 0.109676
-0.060830 0.109830
-0.060850 0.109983
-0.060869 0.110136
-0.060889 0.110288
-0.060908 0.110439
-0.060928 0.110589
-0.060947 0.110739
-0.060966 0.110888
-0.060985 0.111037
-0.061004 0.111184
-0.061023 0.111331
-0.061042 0.111478
-0.061061 0.111623
-0.061080 0.111768
-0.061098 0.111912
-0.061117 0.112056
-0.061135 0.112199
-0.061153 0.112341
-0.061171 0.112482
-0.061189 0.112623
-0.061207 0.112763
-0.061225 0.112902
-0.061243 0.113040
-0.061261 0.113178
-0.061278 0.113315
-0.061296 0.113451
-0.061313 0.113587
-0.061330 0.113722
-0.061348 0.113856
-0.061365 0.113990
-0.061382 0.114122
-0.061398 0.114254
-0.061415 0.114386
-0.061432 0.114516
-0.061449 0.114646
-0.061465 0.114775
-0.061481 0.114904
-0.061498 0.115031
-0.061514 0.115158
-0.061530 0.115285
-0.061546 0.115410
-0.061562 0.115535
-0.061578 0.115659
-0.061594 0.115782
-0.061609 0.115905
-0.061625 0.116027
-0.061640 0.116148
-0.061656 0.116268
-0.061671 0.116388
-0.061686 0.116507
-0.061701 0.116625
-0.061716 0.116742
-0.061731 0.116859
-0.061746 0.116975
-0.061760 0.117090
-0.061775 0.117205
-0.061789 0.117318
-0.061804 0.117431
-0.061818 0.117544
-0.061832 0.117655
-0.061846 0.117766
-0.061860 0.117876
-0.061874 0.117985
-0.061888 0.118094
-0.061901 0.118202
-0.061915 0.118309
-0.061929 0.118415
-0.061942 0.118521
-0.061955 0.118625
-0.061968 0.118729
-0.061981 0.118833
-0.061994 0.118935
-0.062007 0.119037
-0.062020 0.119138
-0.062033 0.119238
-0.062045 0.119338
-0.062058 0.119437
-0.062070 0.119535
-0.062083 0.119632
-0.062095 0.119729
-0.062107 0.119824
-0.062119 0.119919
-0.062131 0.120014
-0.062143 0.120107
-0.062154 0.120200
-0.062166 0.120292
-0.062178 0.120383
-0.062189 0.120473
-0.062200 0.120563
-0.062212 0.120652
-0.062223 0.120740
-0.062234 0.120828
-0.062245 0.120914
-0.062256 0.121000
-0.062266 0.121085
-0.062277 0.121170
-0.062287 0.121253
-0.062298 0.121336
-0.062308 0.121418
-0.062319 0.121499
-0.062329 0.121580
-0.062339 0.121660
-0.062349 0.121738
-0.062359 0.121817
-0.062368 0.121894
-0.062378 0.121971
-0.062387 0.122047
-0.062397 0.122122
-0.062406 0.122196
-0.062416 0.122270
-0.062425 0.122343
-0.062434 0.122415
-0.062443 0.122486
-0.062452 0.122556
-0.062460 0.122626
-0.062469 0.122695
-0.062478 0.122763
-0.062486 0.122831
-0.062494 0.122897
-0.062503 0.122963
-0.062511 0.123028
-0.062519 0.123092
-0.062527 0.123156
-0.062535 0.123219
-0.062543 0.123280
-0.062550 0.123342
-0.062558 0.123402
-0.062565 0.123462
-0.062573 0.123520
-0.062580 0.123578
-0.062587 0.123636
-0.062594 0.123692
-0.062601 0.123748
-0.062608 0.123803
-0.062615 0.123857
-0.062622 0.123910
-0.062628 0.123963
-0.062635 0.124015
-0.062641 0.124066
-0.062648 0.124116
-0.062654 0.124165
-0.062660 0.124214
-0.062666 0.124262
-0.062672 0.124309
-0.062678 0.124355
-0.062683 0.124401
-0.062689 0.124446
-0.062694 0.124489
-0.062700 0.124533
-0.062705 0.124575
-0.062710 0.124617
-0.062715 0.124657
-0.062720 0.124697
-0.062725 0.124737
-0.062730 0.124775
-0.062735 0.124813
-0.062739 0.124849
-0.062744 0.124886
-0.062748 0.124921
-0.062753 0.124955
-0.062757 0.124989
-0.062761 0.125022
-0.062765 0.125054
-0.062769 0.125085
-0.062773 0.125116
-0.062776 0.125146
-0.062780 0.125174
-0.062784 0.125203
-0.062787 0.125230
-0.062790 0.125257
-0.062794 0.125282
-0.062797 0.125307
-0.062800 0.125332
-0.062803 0.125355
-0.062806 0.125378
-0.062808 0.125399
-0.062811 0.125420
-0.062813 0.125441
-0.062816 0.125460
-0.062818 0.125479
-0.062820 0.125497
-0.062823 0.125514
-0.062825 0.125530
-0.062826 0.125545
-0.062828 0.125560
-0.062830 0.125574
-0.062832 0.125587
-0.062833 0.125599
-0.062835 0.125611
-0.062836 0.125622
-0.062837 0.125632
-0.062838 0.125641
-0.062839 0.125649
-0.062840 0.125657
-0.062841 0.125663
-0.062842 0.125669
-0.062843 0.125675
-0.062843 0.125679
-0.062844 0.125682
-0.062844 0.125685
-0.062844 0.125687
-0.062844 0.125688
-0.062844 0.125689
-0.062844 0.125688
-0.062844 0.125687
-0.062844 0.125685
-0.062844 0.125682
-0.062843 0.125679
-0.062843 0.125675
-0.062842 0.125669
-0.062841 0.125663
-0.062840 0.125657
-0.062839 0.125649
-0.062838 0.125641
-0.062837 0.125632
-0.062836 0.125622
-0.062835 0.125611
-0.062833 0.125599
-0.062832 0.125587
-0.062830 0.125574
-0.062828 0.125560
-0.062826 0.125545
-0.062825 0.125530
-0.062823 0.125514
-0.062820 0.125497
-0.062818 0.125479
-0.062816 0.125460
-0.062813 0.125441
-0.062811 0.125420
-0.062808 0.125399
-0.062806 0.125378
-0.062803 0.125355
-0.062800 0.125332
-0.062797 0.125307
-0.062794 0.125282
-0.062790 0.125257
-0.062787 0.125230
-0.062784 0.125203
-0.062780 0.125174
-0.062776 0.125146
-0.062773 0.125116
-0.062769 0.125085
-0.062765 0.125054
-0.062761 0.125022
-0.062757 0.124989
-0.062753 0.124955
-0.062748 0.124921
-0.062744 0.124886
-0.062739 0.124849
-0.062735 0.124813
-0.062730 0.124775
-0.062725 0.124737
-0.062720 0.124697
-0.062715 0.124657
-0.062710 0.124617
-0.062705 0.124575
-0.062700 0.124533
-0.062694 0.124489
-0.062689 0.124446
-0.062683 0.124401
-0.062678 0.124355
-0.062672 0.124309
-0.062666 0.124262
-0.062660 0.124214
-0.062654 0.124165
-0.062648 0.124116
-0.062641 0.124066
-0.062635 0.124015
-0.062628 0.123963
-0.062622 0.123910
-0.062615 0.123857
-0.062608 0.123803
-0.062601 0.123748
-0.062594 0.123692
-0.062587 0.123636
-0.062580 0.123578
-0.062573 0.123520
-0.062565 0.123462
-0.062558 0.123402
-0.062550 0.123342
-0.062543 0.123280
-0.062535 0.123219
-0.062527 0.123156
-0.062519 0.123092
-0.062511 0.123028
-0.062503 0.122963
-0.062494 0.122897
-0.062486 0.122831
-0.062478 0.122763
-0.062469 0.122695
-0.062460 0.122626
-0.062452 0.122556
-0.062443 0.122486
-0.062434 0.122415
-0.062425 0.122343
-0.062416 0.122270
-0.062406 0.122196
-0.062397 0.122122
-0.062387 0.122047
-0.062378 0.121971
-0.062368 0.121894
-0.062359 0.121817
-0.062349 0.121738
-0.062339 0.121660
-0.062329 0.121580
-0.062319 0.121499
-0.062308 0.121418
-0.062298 0.121336
-0.062287 0.121253
-0.062277 0.121170
-0.062266 0.121085
-0.062256 0.121000
-0.062245 0.120914
-0.062234 0.120828
-0.062223 0.120740
-0.062212 0.120652
-0.062200 0.120563
-0.062189 0.120473
-0.062178 0.120383
-0.062166 0.120292
-0.062154 0.120200
-0.062143 0.120107
-0.062131 0.120014
-0.062119 0.119919
-0.062107 0.119824
-0.062095 0.119729
-0.062083 0.119632
-0.062070 0.119535
-0.062058 0.119437
-0.062045 0.119338
-0.062033 0.119238
-0.062020 0.119138
-0.062007 0.119037
-0.061994 0.118935
-0.061981 0.118833
-0.061968 0.118729
-0.061955 0.118625
-0.061942 0.118521
-0.061929 0.118415
-0.061915 0.118309
-0.061901 0.118202
-0.061888 0.118094
-0.061874 0.117985
-0.061860 0.117876
-0.061846 0.117766
-0.061832 0.117655
-0.061818 0.117544
-0.061804 0.117431
-0.061789 0.117318
-0.061775 0.117205
-0.061760 0.117090
-0.061746 0.116975
-0.061731 0.116859
-0.061716 0.116742
-0.061701 0.116625
-0.061686 0.116507
-0.061671 0.116388
-0.061656 0.116268
-0.061640 0.116148
-0.061625 0.116027
-0.061609 0.115905
-0.061594 0.115782
-0.061578 0.115659
-0.061562 0.115535
-0.061546 0.115410
-0.061530 0.115285
-0.061514 0.115158
-0.061498 0.115031
-0.061481 0.114904
-0.061465 0.114775
-0.061449 0.114646
-0.061432 0.114516
-0.061415 0.114386
-0.061398 0.114254
-0.061382 0.114122
-0.061365 0.113990
-0.061348 0.113856
-0.061330 0.113722
-0.061313 0.113587
-0.061296 0.113451
-0.061278 0.113315
-0.061261 0.113178
-0.061243 0.113040
-0.061225 0.112902
-0.061207 0.112763
-0.061189 0.112623
-0.061171 0.112482
-0.061153 0.112341
-0.061135 0.112199
-0.061117 0.112056
-0.061098 0.111912
-0.061080 0.111768
-0.061061 0.111623
-0.061042 0.111478
-0.061023 0.111331
-0.061004 0.111184
-0.060985 0.111037
-0.060966 0.110888
-0.060947 0.110739
-0.060928 0.110589
-0.060908 0.110439
-0.060889 0.110288
-0.060869 0.110136
-0.060850 0.109983
-0.060830 0.109830
-0.060810 0.109676
-0.060790 0.109521
-0.060770 0.109366
-0.060750 0.109210
-0.060729 0.109053
-0.060709 0.108896
-0.060689 0.108738
-0.060668 0.108579
-0.060647 0.108419
-0.060627 0.108259
-0.060606 0.108098
-0.060585 0.107937
-0.060564 0.107775
-0.060543 0.107612
-0.060521 0.107448
-0.060500 0.107284
-0.060479 0.107119
-0.060457 0.106953
-0.060436 0.106787
-0.060414 0.106620
-0.060392 0.106452
-0.060370 0.106284
-0.060348 0.106115
-0.060326 0.105945
-0.060304 0.105775
-0.060282 0.105604
-0.060259 0.105432
-0.060237 0.105260
-0.060214 0.105087
-0.060191 0.104913
-0.060169 0.104739
-0.060146 0.104564
-0.060123 0.104388
-0.060100 0.104212
-0.060077 0.104035
-0.060054 0.103857
-0.060030 0.103679
-0.060007 0.103500
-0.059983 0.103321
-0.059960 0.103140
-0.059936 0.102960
-0.059912 0.102778
-0.059888 0.102596
-0.059864 0.102413
-0.059840 0.102229
-0.059816 0.102045
-0.059792 0.101861
-0.059767 0.101675
-0.059743 0.101489
-0.059718 0.101302
-0.059694 0.101115
-0.059669 0.100927
-0.059644 0.100738
-0.059619 0.100549
-0.059594 0.100359
-0.059569 0.100169
-0.059544 0.099978
-0.059519 0.099786
-0.059493 0.099593
-0.059468 0.099400
-0.059442 0.099207
-0.059416 0.099012
-0.059391 0.098817
-0.059365 0.098622
-0.059339 0.098426
-0.059313 0.098229
-0.059287 0.098031
-0.059260 0.097833
-0.059234 0.097635
-0.059207 0.097435
-0.059181 0.097235
-0.059154 0.097035
-0.059128 0.096834
-0.059101 0.096632
-0.059074 0.096430
-0.059047 0.096227
-0.059020 0.096023
-0.058993 0.095819
-0.058965 0.095614
-0.058938 0.095409
-0.058911 0.095203
-0.058883 0.094996
-0.058855 0.094789
-0.058828 0.094581
-0.058800 0.094373
-0.058772 0.094164
-0.058744 0.093954
-0.058716 0.093744
-0.058688 0.093533
-0.058659 0.093322
-0.058631 0.093110
-0.058602 0.092898
-0.058574 0.092685
-0.058545 0.092471
-0.058516 0.092257
-0.058487 0.092042
-0.058459 0.091826
-0.058430 0.091610
-0.058400 0.091394
-0.058371 0.091176
-0.058342 0.090959
-0.058312 0.090740
-0.058283 0.090521
-0.058253 0.090302
-0.058224 0.090082
-0.058194 0.089861
-0.058164 0.089640
-0.058134 0.089418
-0.058104 0.089196
-0.058074 0.088973
-0.058044 0.088750
-0.058013 0.088526
-0.057983 0.088301
-0.057952 0.088076
-0.057922 0.087850
-0.057891 0.087624
-0.057860 0.087397
-0.057829 0.087170
-0.057798 0.086942
-0.057767 0.086714
-0.057736 0.086485
-0.057705 0.086255
-0.057674 0.086025
-0.057642 0.085794
-0.057611 0.085563
-0.057579 0.085331
-0.057547 0.085099
-0.057516 0.084866
-0.057484 0.084633
-0.057452 0.084399
-0.057420 0.084165
-0.057388 0.083930
-0.057355 0.083694
-0.057323 0.083458
-0.057291 0.083222
-0.057258 0.082985
-0.057226 0.082747
-0.057193 0.082509
-0.057160 0.082271
-0.057127 0.082032
-0.057094 0.081792
-0.057061 0.081552
-0.057028 0.081311
-0.056995 0.081070
-0.056961 0.080828
-0.056928 0.080586
-0.056895 0.080343
-0.056861 0.080100
-0.056827 0.079856
-0.056794 0.079612
-0.056760 0.079367
-0.056726 0.079122
-0.056692 0.078876
-0.056658 0.078630
-0.056623 0.078383
-0.056589 0.078136
-0.056555 0.077888
-0.056520 0.077640
-0.056486 0.077391
-0.056451 0.077142
-0.056416 0.076893
-0.056381 0.076642
-0.056346 0.076392
-0.056311 0.076141
-0.056276 0.075889
-0.056241 0.075637
-0.056206 0.075384
-0.056170 0.075131
-0.056135 0.074878
-0.056099 0.074624
-0.056064 0.074369
-0.056028 0.074114
-0.055992 0.073859
-0.055956 0.073603
-0.055920 0.073347
-0.055884 0.073090
-0.055848 0.072833
-0.055812 0.072575
-0.055775 0.072317
-0.055739 0.072058
-0.055702 0.071799
-0.055666 0.071539
-0.055629 0.071279
-0.055592 0.071019
-0.055555 0.070758
-0.055518 0.070497
-0.055481 0.070235
-0.055444 0.069973
-0.055407 0.069710
-0.055370 0.069447
-0.055332 0.069183
-0.055295 0.068919
-0.055257 0.068655
-0.055219 0.068390
-0.055182 0.068125
-0.055144 0.067859
-0.055106 0.067593
-0.055068 0.067326
-0.055030 0.067059
-0.054992 0.066792
-0.054953 0.066524
-0.054915 0.066255
-0.054877 0.065987
-0.054838 0.065718
-0.054799 0.065448
-0.054761 0.065178
-0.054722 0.064908
-0.054683 0.064637
-0.054644 0.064366
-0.054605 0.064094
-0.054566 0.063822
-0.054527 0.063550
-0.054487 0.063277
-0.054448 0.063004
-0.054408 0.062730
-0.054369 0.062456
-0.054329 0.062182
-0.054289 0.061907
-0.054250 0.061632
-0.054210 0.061356
-0.054170 0.061081
-0.054130 0.060804
-0.054089 0.060528
-0.054049 0.060250
-0.054009 0.059973
-0.053968 0.059695
-0.053928 0.059417
-0.053887 0.059138
-0.053847 0.058859
-0.053806 0.058580
-0.053765 0.058300
-0.053724 0.058020
-0.053683 0.057740
-0.053642 0.057459
-0.053601 0.057178
-0.053559 0.056896
-0.053518 0.056614
-0.053477 0.056332
-0.053435 0.056049
-0.053393 0.055766
-0.053352 0.055483
-0.053310 0.055199
-0.053268 0.054915
-0.053226 0.054631
-0.053184 0.054346
-0.053142 0.054061
-0.053100 0.053776
-0.053057 0.053490
-0.053015 0.053204
-0.052973 0.052917
-0.052930 0.052631
-0.052887 0.052344
-0.052845 0.052056
-0.052802 0.051768
-0.052759 0.051480
-0.052716 0.051192
-0.052673 0.050903
-0.052630 0.050614
-0.052587 0.050325
-0.052543 0.050035
-0.052500 0.049745
-0.052457 0.049455
-0.052413 0.049164
-0.052369 0.048873
-0.052326 0.048582
-0.052282 0.048291
-0.052238 0.047999
-0.052194 0.047707
-0.052150 0.047414
-0.052106 0.047121
-0.052062 0.046828
-0.052018 0.046535
-0.051973 0.046241
-0.051929 0.045947
-0.051884 0.045653
-0.051840 0.045359
-0.051795 0.045064
-0.051750 0.044769
-0.051705 0.044473
-0.051660 0.044178
-0.051615 0.043882
-0.051570 0.043585
-0.051525 0.043289
-0.051480 0.042992
-0.051434 0.042695
-0.051389 0.042398
-0.051343 0.042100
-0.051298 0.041802
-0.051252 0.041504
-0.051206 0.041206
-0.051161 0.040907
-0.051115 0.040609
-0.051069 0.040309
-0.051023 0.040010
-0.050977 0.039710
-0.050930 0.039410
-0.050884 0.039110
-0.050838 0.038810
-0.050791 0.038509
-0.050745 0.038208
-0.050698 0.037907
-0.050651 0.037606
-0.050604 0.037304
-0.050557 0.037002
-0.050511 0.036700
-0.050464 0.036398
-0.050416 0.036096
-0.050369 0.035793
-0.050322 0.035490
-0.050275 0.035187
-0.050227 0.034883
-0.050180 0.034580
-0.050132 0.034276
-0.050084 0.033972
-0.050037 0.033667
-0.049989 0.033363
-0.049941 0.033058
-0.049893 0.032753
-0.049845 0.032448
-0.049797 0.032143
-0.049748 0.031837
-0.049700 0.031531
-0.049652 0.031225
-0.049603 0.030919
-0.049555 0.030613
-0.049506 0.030306
-0.049457 0.030000
-0.049409 0.029693
-0.049360 0.029386
-0.049311 0.029078
-0.049262 0.028771
-0.049213 0.028463
-0.049164 0.028155
-0.049114 0.027847
-0.049065 0.027539
-0.049016 0.027231
-0.048966 0.026922
-0.048917 0.026614
-0.048867 0.026305
-0.048817 0.025996
-0.048768 0.025686
-0.048718 0.025377
-0.048668 0.025068
-0.048618 0.024758
-0.048568 0.024448
-0.048517 0.024138
-0.048467 0.023828
-0.048417 0.023518
-0.048367 0.023207
-0.048316 0.022897
-0.048266 0.022586
-0.048215 0.022275
-0.048164 0.021964
-0.048113 0.021653
-0.048063 0.021341
-0.048012 0.021030
-0.047961 0.020718
-0.047910 0.020407
-0.047858 0.020095
-0.047807 0.019783
-0.047756 0.019471
-0.047704 0.019159
-0.047653 0.018846
-0.047601 0.018534
-0.047550 0.018221
-0.047498 0.017909
-0.047446 0.017596
-0.047395 0.017283
-0.047343 0.016970
-0.047291 0.016657
-0.047239 0.016344
-0.047186 0.016030
-0.047134 0.015717
-0.047082 0.015403
-0.047030 0.015090
-0.046977 0.014776
-0.046925 0.014462
-0.046872 0.014148
-0.046819 0.013834
-0.046767 0.013520
-0.046714 0.013206
-0.046661 0.012892
-0.046608 0.012578
-0.046555 0.012263
-0.046502 0.011949
-0.046449 0.011634
-0.046396 0.011319
-0.046342 0.011005
-0.046289 0.010690
-0.046235 0.010375
-0.046182 0.010060
-0.046128 0.009745
-0.046075 0.009430
-0.046021 0.009115
-0.045967 0.008800
-0.045913 0.008485
-0.045859 0.008170
-0.045805 0.007854
-0.045751 0.007539
-0.045697 0.007223
-0.045643 0.006908
-0.045588 0.006593
-0.045534 0.006277
-0.045479 0.005961
-0.045425 0.005646
-0.045370 0.005330
-0.045315 0.005014
-0.045261 0.004699
-0.045206 0.004383
-0.045151 0.004067
-0.045096 0.003751
-0.045041 0.003436
-0.044986 0.003120
-0.044931 0.002804
-0.044875 0.002488
-0.044820 0.002172
-0.044765 0.001856
-0.044709 0.001540
-0.044654 0.001224
-0.044598 0.000908
-0.044542 0.000592
-0.044487 0.000276
-0.044431 -0.000039
-0.044375 -0.000355
-0.044319 -0.000671
-0.044263 -0.000987
-0.044207 -0.001303
-0.044151 -0.001619
-0.044094 -0.001935
-0.044038 -0.002251
-0.043982 -0.002567
-0.043925 -0.002883
-0.043869 -0.003199
-0.043812 -0.003515
-0.043755 -0.003830
-0.043699 -0.004146
-0.043642 -0.004462
-0.043585 -0.004778
-0.043528 -0.005093
-0.043471 -0.005409
-0.043414 -0.005725
-0.043357 -0.006040
-0.043300 -0.006356
-0.043242 -0.006671
-0.043185 -0.006987
-0.043128 -0.007302
-0.043070 -0.007618
-0.043012 -0.007933
-0.042955 -0.008248
-0.042897 -0.008564
-0.042839 -0.008879
-0.042782 -0.009194
-0.042724 -0.009509
-0.042666 -0.009824
-0.042608 -0.010139
-0.042550 -0.010454
-0.042491 -0.010769
-0.042433 -0.011083
-0.042375 -0.011398
-0.042317 -0.011713
-0.042258 -0.012027
-0.042200 -0.012342
-0.042141 -0.012656
-0.042082 -0.012970
-0.042024 -0.013285
-0.041965 -0.013599
-0.041906 -0.013913
-0.041847 -0.014227
-0.041788 -0.014541
-0.041729 -0.014855
-0.041670 -0.015168
-0.041611 -0.015482
-0.041552 -0.015795
-0.041492 -0.016109
-0.041433 -0.016422
-0.041374 -0.016735
-0.041314 -0.017048
-0.041255 -0.017361
-0.041195 -0.017674
-0.041135 -0.017987
-0.041076 -0.018300
-0.041016 -0.018612
-0.040956 -0.018924
-0.040896 -0.019237
-0.040836 -0.019549
-0.040776 -0.019861
-0.040716 -0.020173
-0.040656 -0.020485
-0.040595 -0.020796
-0.040535 -0.021108
-0.040475 -0.021419
-0.040414 -0.021731
-0.040354 -0.022042
-0.040293 -0.022353
-0.040232 -0.022664
-0.040172 -0.022974
-0.040111 -0.023285
-0.040050 -0.023595
-0.039989 -0.023905
-0.039928 -0.024216
-0.039867 -0.024526
-0.039806 -0.024835
-0.039745 -0.025145
-0.039684 -0.025454
-0.039622 -0.025764
-0.039561 -0.026073
-0.039500 -0.026382
-0.039438 -0.026691
-0.039377 -0.026999
-0.039315 -0.027308
-0.039253 -0.027616
-0.039192 -0.027924
-0.039130 -0.028232
-0.039068 -0.028540
-0.039006 -0.028848
-0.038944 -0.029155
-0.038882 -0.029462
-0.038820 -0.029769
-0.038758 -0.030076
-0.038696 -0.030383
-0.038633 -0.030690
-0.038571 -0.030996
-0.038509 -0.031302
-0.038446 -0.031608
-0.038384 -0.031914
-0.038321 -0.032219
-0.038259 -0.032524
-0.038196 -0.032829
-0.038133 -0.033134
-0.038070 -0.033439
-0.038007 -0.033743
-0.037944 -0.034048
-0.037881 -0.034352
-0.037818 -0.034655
-0.037755 -0.034959
-0.037692 -0.035262
-0.037629 -0.035566
-0.037566 -0.035869
-0.037502 -0.036171
-0.037439 -0.036474
-0.037375 -0.036776
-0.037312 -0.037078
-0.037248 -0.037380
-0.037185 -0.037681
-0.037121 -0.037983
-0.037057 -0.038284
-0.036993 -0.038584
-0.036929 -0.038885
-0.036865 -0.039185
-0.036801 -0.039485
-0.036737 -0.039785
-0.036673 -0.040085
-0.036609 -0.040384
-0.036545 -0.040683
-0.036481 -0.040982
-0.036416 -0.041281
-0.036352 -0.041579
-0.036287 -0.041877
-0.036223 -0.042175
-0.036158 -0.042472
-0.036094 -0.042769
-0.036029 -0.043066
-0.035964 -0.043363
-0.035899 -0.043660
-0.035835 -0.043956
-0.035770 -0.044252
-0.035705 -0.044547
-0.035640 -0.044842
-0.035575 -0.045137
-0.035509 -0.045432
-0.035444 -0.045727
-0.035379 -0.046021
-0.035314 -0.046315
-0.035248 -0.046608
-0.035183 -0.046902
-0.035117 -0.047195
-0.035052 -0.047487
-0.034986 -0.047780
-0.034921 -0.048072
-0.034855 -0.048363
-0.034789 -0.048655
-0.034723 -0.048946
-0.034658 -0.049237
-0.034592 -0.049527
-0.034526 -0.049818
-0.034460 -0.050108
-0.034394 -0.050397
-0.034327 -0.050687
-0.034261 -0.050975
-0.034195 -0.051264
-0.034129 -0.051552
-0.034062 -0.051840
-0.033996 -0.052128
-0.033929 -0.052415
-0.033863 -0.052702
-0.033796 -0.052989
-0.033730 -0.053275
-0.033663 -0.053561
-0.033596 -0.053847
-0.033530 -0.054132
-0.033463 -0.054417
-0.033396 -0.054702
-0.033329 -0.054986
-0.033262 -0.055270
-0.033195 -0.055554
-0.033128 -0.055837
-0.033061 -0.056120
-0.032993 -0.056402
-0.032926 -0.056685
-0.032859 -0.056966
-0.032791 -0.057248
-0.032724 -0.057529
-0.032657 -0.057810
-0.032589 -0.058090
-0.032522 -0.058370
-0.032454 -0.058650
-0.032386 -0.058929
-0.032319 -0.059208
-0.032251 -0.059486
-0.032183 -0.059765
-0.032115 -0.060042
-0.032047 -0.060320
-0.031979 -0.060597
-0.031911 -0.060873
-0.031843 -0.061150
-0.031775 -0.061425
-0.031707 -0.061701
-0.031639 -0.061976
-0.031570 -0.062251
-0.031502 -0.062525
-0.031434 -0.062799
-0.031365 -0.063072
-0.031297 -0.063345
-0.031228 -0.063618
-0.031160 -0.063890
-0.031091 -0.064162
-0.031022 -0.064434
-0.030954 -0.064705
-0.030885 -0.064975
-0.030816 -0.065246
-0.030747 -0.065516
-0.030678 -0.065785
-0.030609 -0.066054
-0.030540 -0.066323
-0.030471 -0.066591
-0.030402 -0.066859
-0.030333 -0.067126
-0.030264 -0.067393
-0.030195 -0.067659
-0.030125 -0.067925
-0.030056 -0.068191
-0.029986 -0.068456
-0.029917 -0.068721
-0.029848 -0.068985
-0.029778 -0.069249
-0.029708 -0.069513
-0.029639 -0.069776
-0.029569 -0.070038
-0.029499 -0.070300
-0.029430 -0.070562
-0.029360 -0.070823
-0.029290 -0.071084
-0.029220 -0.071344
-0.029150 -0.071604
-0.029080 -0.071864
-0.029010 -0.072123
-0.028940 -0.072381
-0.028870 -0.072639
-0.028800 -0.072897
-0.028729 -0.073154
-0.028659 -0.073411
-0.028589 -0.073667
-0.028518 -0.073923
-0.028448 -0.074178
-0.028378 -0.074433
-0.028307 -0.074687
-0.028237 -0.074941
-0.028166 -0.075195
-0.028095 -0.075447
-0.028025 -0.075700
-0.027954 -0.075952
-0.027883 -0.076203
-0.027812 -0.076454
-0.027741 -0.076705
-0.027671 -0.076955
-0.027600 -0.077205
-0.027529 -0.077454
-0.027458 -0.077702
-0.027387 -0.077950
-0.027315 -0.078198
-0.027244 -0.078445
-0.027173 -0.078692
-0.027102 -0.078938
-0.027031 -0.079183
-0.026959 -0.079429
-0.026888 -0.079673
-0.026816 -0.079917
-0.026745 -0.080161
-0.026673 -0.080404
-0.026602 -0.080647
-0.026530 -0.080889
-0.026459 -0.081130
-0.026387 -0.081371
-0.026315 -0.081612
-0.026244 -0.081852
-0.026172 -0.082091
-0.026100 -0.082330
-0.026028 -0.082569
-0.025956 -0.082807
-0.025884 -0.083044
-0.025812 -0.083281
-0.025740 -0.083518
-0.025668 -0.083753
-0.025596 -0.083989
-0.025524 -0.084223
-0.025452 -0.084458
-0.025379 -0.084691
-0.025307 -0.084925
-0.025235 -0.085157
-0.025162 -0.085389
-0.025090 -0.085621
-0.025018 -0.085852
-0.024945 -0.086083
-0.024873 -0.086312
-0.024800 -0.086542
-0.024727 -0.086771
-0.024655 -0.086999
-0.024582 -0.087227
-0.024509 -0.087454
-0.024437 -0.087681
-0.024364 -0.087907
-0.024291 -0.088132
-0.024218 -0.088357
-0.024145 -0.088582
-0.024072 -0.088806
-0.023999 -0.089029
-0.023926 -0.089252
-0.023853 -0.089474
-0.023780 -0.089695
-0.023707 -0.089916
-0.023634 -0.090137
-0.023561 -0.090357
-0.023487 -0.090576
-0.023414 -0.090795
-0.023341 -0.091013
-0.023267 -0.091231
-0.023194 -0.091448
-0.023121 -0.091664
-0.023047 -0.091880
-0.022974 -0.092095
-0.022900 -0.092310
-0.022827 -0.092524
-0.022753 -0.092738
-0.022679 -0.092951
-0.022606 -0.093163
-0.022532 -0.093375
-0.022458 -0.093586
-0.022384 -0.093797
-0.022311 -0.094007
-0.022237 -0.094216
-0.022163 -0.094425
-0.022089 -0.094633
-0.022015 -0.094841
-0.021941 -0.095048
-0.021867 -0.095254
-0.021793 -0.095460
-0.021719 -0.095666
-0.021644 -0.095870
-0.021570 -0.096074
-0.021496 -0.096278
-0.021422 -0.096480
-0.021348 -0.096683
-0.021273 -0.096884
-0.021199 -0.097085
-0.021125 -0.097285
-0.021050 -0.097485
-0.020976 -0.097684
-0.020901 -0.097883
-0.020827 -0.098081
-0.020752 -0.098278
-0.020678 -0.098475
-0.020603 -0.098671
-0.020528 -0.098866
-0.020454 -0.099061
-0.020379 -0.099255
-0.020304 -0.099449
-0.020230 -0.099641
-0.020155 -0.099834
-0.020080 -0.100025
-0.020005 -0.100216
-0.019930 -0.100407
-0.019855 -0.100596
-0.019780 -0.100786
-0.019705 -0.100974
-0.019630 -0.101162
-0.019555 -0.101349
-0.019480 -0.101536
-0.019405 -0.101722
-0.019330 -0.101907
-0.019255 -0.102091
-0.019179 -0.102275
-0.019104 -0.102459
-0.019029 -0.102641
-0.018954 -0.102823
-0.018878 -0.103005
-0.018803 -0.103186
-0.018728 -0.103366
-0.018652 -0.103545
-0.018577 -0.103724
-0.018501 -0.103902
-0.018426 -0.104079
-0.018350 -0.104256
-0.018275 -0.104432
-0.018199 -0.104608
-0.018123 -0.104783
-0.018048 -0.104957
-0.017972 -0.105130
-0.017896 -0.105303
-0.017821 -0.105475
-0.017745 -0.105647
-0.017669 -0.105818
-0.017593 -0.105988
-0.017517 -0.106157
-0.017442 -0.106326
-0.017366 -0.106494
-0.017290 -0.106662
-0.017214 -0.106829
-0.017138 -0.106995
-0.017062 -0.107160
-0.016986 -0.107325
-0.016910 -0.107489
-0.016834 -0.107652
-0.016758 -0.107815
-0.016681 -0.107977
-0.016605 -0.108139
-0.016529 -0.108299
-0.016453 -0.108459
-0.016377 -0.108619
-0.016300 -0.108777
-0.016224 -0.108935
-0.016148 -0.109092
-0.016071 -0.109249
-0.015995 -0.109405
-0.015919 -0.109560
-0.015842 -0.109715
-0.015766 -0.109868
-0.015689 -0.110021
-0.015613 -0.110174
-0.015536 -0.110326
-0.015460 -0.110477
-0.015383 -0.110627
-0.015306 -0.110777
-0.015230 -0.110925
-0.015153 -0.111074
-0.015077 -0.111221
-0.015000 -0.111368
-0.014923 -0.111514
-0.014846 -0.111660
-0.014770 -0.111804
-0.014693 -0.111948
-0.014616 -0.112092
-0.014539 -0.112234
-0.014462 -0.112376
-0.014385 -0.112517
-0.014309 -0.112658
-0.014232 -0.112797
-0.014155 -0.112936
-0.014078 -0.113075
-0.014001 -0.113212
-0.013924 -0.113349
-0.013847 -0.113485
-0.013770 -0.113621
-0.013693 -0.113756
-0.013615 -0.113890
-0.013538 -0.114023
-0.013461 -0.114155
-0.013384 -0.114287
-0.013307 -0.114418
-0.013230 -0.114549
-0.013152 -0.114678
-0.013075 -0.114807
-0.012998 -0.114936
-0.012921 -0.115063
-0.012843 -0.115190
-0.012766 -0.115316
-0.012689 -0.115441
-0.012611 -0.115566
-0.012534 -0.115690
-0.012456 -0.115813
-0.012379 -0.115935
-0.012301 -0.116057
-0.012224 -0.116178
-0.012147 -0.116298
-0.012069 -0.116418
-0.011991 -0.116536
-0.011914 -0.116654
-0.011836 -0.116772
-0.011759 -0.116888
-0.011681 -0.117004
-0.011604 -0.117119
-0.011526 -0.117233
-0.011448 -0.117347
-0.011371 -0.117460
-0.011293 -0.117572
-0.011215 -0.117683
-0.011137 -0.117794
-0.011060 -0.117903
-0.010982 -0.118012
-0.010904 -0.118121
-0.010826 -0.118228
-0.010749 -0.118335
-0.010671 -0.118441
-0.010593 -0.118547
-0.010515 -0.118651
-0.010437 -0.118755
-0.010359 -0.118858
-0.010281 -0.118961
-0.010203 -0.119062
-0.010125 -0.119163
-0.010047 -0.119263
-0.009969 -0.119363
-0.009891 -0.119461
-0.009813 -0.119559
-0.009735 -0.119656
-0.009657 -0.119753
-0.009579 -0.119848
-0.009501 -0.119943
-0.009423 -0.120037
-0.009345 -0.120130
-0.009267 -0.120223
-0.009189 -0.120315
-0.009111 -0.120406
-0.009033 -0.120496
-0.008954 -0.120585
-0.008876 -0.120674
-0.008798 -0.120762
-0.008720 -0.120849
-0.008642 -0.120936
-0.008563 -0.121021
-0.008485 -0.121106
-0.008407 -0.121191
-0.008328 -0.121274
-0.008250 -0.121357
-0.008172 -0.121438
-0.008094 -0.121519
-0.008015 -0.121600
-0.007937 -0.121679
-0.007858 -0.121758
-0.007780 -0.121836
-0.007702 -0.121913
-0.007623 -0.121990
-0.007545 -0.122066
-0.007466 -0.122140
-0.007388 -0.122215
-0.007310 -0.122288
-0.007231 -0.122361
-0.007153 -0.122432
-0.007074 -0.122504
-0.006996 -0.122574
-0.006917 -0.122643
-0.006839 -0.122712
-0.006760 -0.122780
-0.006682 -0.122847
-0.006603 -0.122914
-0.006525 -0.122979
-0.006446 -0.123044
-0.006367 -0.123108
-0.006289 -0.123172
-0.006210 -0.123234
-0.006132 -0.123296
-0.006053 -0.123357
-0.005974 -0.123417
-0.005896 -0.123476
-0.005817 -0.123535
-0.005738 -0.123593
-0.005660 -0.123650
-0.005581 -0.123706
-0.005502 -0.123762
-0.005424 -0.123816
-0.005345 -0.123870
-0.005266 -0.123924
-0.005188 -0.123976
-0.005109 -0.124028
-0.005030 -0.124078
-0.004951 -0.124128
-0.004873 -0.124178
-0.004794 -0.124226
-0.004715 -0.124274
-0.004636 -0.124321
-0.004558 -0.124367
-0.004479 -0.124412
-0.004400 -0.124457
-0.004321 -0.124500
-0.004242 -0.124543
-0.004164 -0.124585
-0.004085 -0.124627
-0.004006 -0.124667
-0.003927 -0.124707
-0.003848 -0.124746
-0.003769 -0.124784
-0.003691 -0.124822
-0.003612 -0.124859
-0.003533 -0.124894
-0.003454 -0.124929
-0.003375 -0.124964
-0.003296 -0.124997
-0.003217 -0.125030
-0.003138 -0.125062
-0.003060 -0.125093
-0.002981 -0.125123
-0.002902 -0.125153
-0.002823 -0.125182
-0.002744 -0.125210
-0.002665 -0.125237
-0.002586 -0.125263
-0.002507 -0.125289
-0.002428 -0.125313
-0.002349 -0.125337
-0.002270 -0.125361
-0.002191 -0.125383
-0.002113 -0.125405
-0.002034 -0.125426
-0.001955 -0.125446
-0.001876 -0.125465
-0.001797 -0.125483
-0.001718 -0.125501
-0.001639 -0.125518
-0.001560 -0.125534
-0.001481 -0.125549
-0.001402 -0.125564
-0.001323 -0.125577
-0.001244 -0.125590
-0.001165 -0.125602
-0.001086 -0.125614
-0.001007 -0.125624
-0.000928 -0.125634
-0.000849 -0.125643
-0.000770 -0.125651
-0.000691 -0.125658
-0.000612 -0.125665
-0.000533 -0.125671
-0.000454 -0.125676
-0.000375 -0.125680
-0.000296 -0.125683
-0.000217 -0.125686
-0.000138 -0.125688
-0.000059 -0.125689
0.000020 -0.125689
0.000099 -0.125688
0.000178 -0.125687
0.000257 -0.125685
0.000336 -0.125682
0.000415 -0.125678
0.000494 -0.125673
0.000573 -0.125668
0.000652 -0.125662
0.000731 -0.125655
0.000810 -0.125647
0.000889 -0.125639
0.000968 -0.125629
0.001047 -0.125619
0.001126 -0.125608
0.001204 -0.125596
0.001283 -0.125584
0.001362 -0.125571
0.001441 -0.125557
0.001520 -0.125542
0.001599 -0.125526
0.001678 -0.125510
0.001757 -0.125492
0.001836 -0.125474
0.001915 -0.125455
0.001994 -0.125436
0.002073 -0.125415
0.002152 -0.125394
0.002231 -0.125372
0.002310 -0.125349
0.002389 -0.125326
0.002468 -0.125301
0.002547 -0.125276
0.002626 -0.125250
0.002705 -0.125223
0.002783 -0.125196
0.002862 -0.125167
0.002941 -0.125138
0.003020 -0.125108
0.003099 -0.125078
0.003178 -0.125046
0.003257 -0.125014
0.003336 -0.124981
0.003415 -0.124947
0.003493 -0.124912
0.003572 -0.124877
0.003651 -0.124840
0.003730 -0.124803
0.003809 -0.124765
0.003888 -0.124727
0.003967 -0.124687
0.004045 -0.124647
0.004124 -0.124606
0.004203 -0.124564
0.004282 -0.124522
0.004361 -0.124479
0.004439 -0.124434
0.004518 -0.124389
0.004597 -0.124344
0.004676 -0.124297
0.004755 -0.124250
0.004833 -0.124202
0.004912 -0.124153
0.004991 -0.124103
0.005069 -0.124053
0.005148 -0.124002
0.005227 -0.123950
0.005306 -0.123897
0.005384 -0.123844
0.005463 -0.123789
0.005542 -0.123734
0.005620 -0.123678
0.005699 -0.123622
0.005778 -0.123564
0.005856 -0.123506
0.005935 -0.123447
0.006014 -0.123387
0.006092 -0.123326
0.006171 -0.123265
0.006249 -0.123203
0.006328 -0.123140
0.006407 -0.123076
0.006485 -0.123012
0.006564 -0.122947
0.006642 -0.122881
0.006721 -0.122814
0.006799 -0.122746
0.006878 -0.122678
0.006956 -0.122609
0.007035 -0.122539
0.007113 -0.122468
0.007192 -0.122397
0.007270 -0.122324
0.007349 -0.122251
0.007427 -0.122178
0.007506 -0.122103
0.007584 -0.122028
0.007663 -0.121952
0.007741 -0.121875
0.007819 -0.121797
0.007898 -0.121719
0.007976 -0.121640
0.008054 -0.121560
0.008133 -0.121479
0.008211 -0.121398
0.008289 -0.121315
0.008368 -0.121232
0.008446 -0.121149
0.008524 -0.121064
0.008602 -0.120979
0.008681 -0.120893
0.008759 -0.120806
0.008837 -0.120718
0.008915 -0.120630
0.008993 -0.120541
0.009072 -0.120451
0.009150 -0.120360
0.009228 -0.120269
0.009306 -0.120177
0.009384 -0.120084
0.009462 -0.119990
0.009540 -0.119896
0.009618 -0.119800
0.009696 -0.119704
0.009774 -0.119608
0.009852 -0.119510
0.009930 -0.119412
0.010008 -0.119313
0.010086 -0.119213
0.010164 -0.119113
0.010242 -0.119012
0.010320 -0.118910
0.010398 -0.118807
0.010476 -0.118703
0.010554 -0.118599
0.010632 -0.118494
0.010710 -0.118388
0.010787 -0.118282
0.010865 -0.118175
0.010943 -0.118067
0.011021 -0.117958
0.011099 -0.117849
0.011176 -0.117738
0.011254 -0.117627
0.011332 -0.117516
0.011409 -0.117403
0.011487 -0.117290
0.011565 -0.117176
0.011642 -0.117061
0.011720 -0.116946
0.011798 -0.116830
0.011875 -0.116713
0.011953 -0.116595
0.012030 -0.116477
0.012108 -0.116358
0.012185 -0.116238
0.012263 -0.116118
0.012340 -0.115996
0.012418 -0.115874
0.012495 -0.115751
0.012572 -0.115628
0.012650 -0.115504
0.012727 -0.115379
0.012805 -0.115253
0.012882 -0.115127
0.012959 -0.115000
0.013036 -0.114872
0.013114 -0.114743
0.013191 -0.114614
0.013268 -0.114484
0.013345 -0.114353
0.013423 -0.114221
0.013500 -0.114089
0.013577 -0.113956
0.013654 -0.113823
0.013731 -0.113688
0.013808 -0.113553
0.013885 -0.113417
0.013962 -0.113281
0.014039 -0.113144
0.014116 -0.113006
0.014193 -0.112867
0.014270 -0.112728
0.014347 -0.112588
0.014424 -0.112447
0.014501 -0.112305
0.014578 -0.112163
0.014654 -0.112020
0.014731 -0.111876
0.014808 -0.111732
0.014885 -0.111587
0.014961 -0.111441
0.015038 -0.111295
0.015115 -0.111148
0.015192 -0.111000
0.015268 -0.110851
0.015345 -0.110702
0.015421 -0.110552
0.015498 -0.110401
0.015574 -0.110250
0.015651 -0.110098
0.015727 -0.109945
0.015804 -0.109792
0.015880 -0.109637
0.015957 -0.109483
0.016033 -0.109327
0.016110 -0.109171
0.016186 -0.109014
0.016262 -0.108856
0.016338 -0.108698
0.016415 -0.108539
0.016491 -0.108379
0.016567 -0.108219
0.016643 -0.108058
0.016719 -0.107896
0.016796 -0.107734
0.016872 -0.107571
0.016948 -0.107407
0.017024 -0.107243
0.017100 -0.107077
0.017176 -0.106912
0.017252 -0.106745
0.017328 -0.106578
0.017404 -0.106410
0.017480 -0.106242
0.017555 -0.106073
0.017631 -0.105903
0.017707 -0.105732
0.017783 -0.105561
0.017859 -0.105389
0.017934 -0.105217
0.018010 -0.105044
0.018086 -0.104870
0.018161 -0.104695
0.018237 -0.104520
0.018312 -0.104344
0.018388 -0.104168
0.018464 -0.103991
0.018539 -0.103813
0.018614 -0.103634
0.018690 -0.103455
0.018765 -0.103276
0.018841 -0.103095
0.018916 -0.102914
0.018991 -0.102732
0.019067 -0.102550
0.019142 -0.102367
0.019217 -0.102183
0.019292 -0.101999
0.019367 -0.101814
0.019443 -0.101629
0.019518 -0.101442
0.019593 -0.101256
0.019668 -0.101068
0.019743 -0.100880
0.019818 -0.100691
0.019893 -0.100502
0.019968 -0.100312
0.020042 -0.100121
0.020117 -0.099930
0.020192 -0.099738
0.020267 -0.099545
0.020342 -0.099352
0.020416 -0.099158
0.020491 -0.098964
0.020566 -0.098768
0.020640 -0.098573
0.020715 -0.098376
0.020789 -0.098179
0.020864 -0.097982
0.020938 -0.097784
0.021013 -0.097585
0.021087 -0.097385
0.021162 -0.097185
0.021236 -0.096985
0.021310 -0.096783
0.021385 -0.096582
0.021459 -0.096379
0.021533 -0.096176
0.021607 -0.095972
0.021682 -0.095768
0.021756 -0.095563
0.021830 -0.095357
0.021904 -0.095151
0.021978 -0.094945
0.022052 -0.094737
0.022126 -0.094529
0.022200 -0.094321
0.022274 -0.094112
0.022347 -0.093902
0.022421 -0.093692
0.022495 -0.093481
0.022569 -0.093269
0.022642 -0.093057
0.022716 -0.092844
0.022790 -0.092631
0.022863 -0.092417
0.022937 -0.092203
0.023010 -0.091988
0.023084 -0.091772
0.023157 -0.091556
0.023231 -0.091339
0.023304 -0.091122
0.023377 -0.090904
0.023451 -0.090686
0.023524 -0.090467
0.023597 -0.090247
0.023670 -0.090027
0.023744 -0.089806
0.023817 -0.089585
0.023890 -0.089363
0.023963 -0.089140
0.024036 -0.088917
0.024109 -0.088694
0.024182 -0.088470
0.024255 -0.088245
0.024327 -0.088020
0.024400 -0.087794
0.024473 -0.087567
0.024546 -0.087340
0.024618 -0.087113
0.024691 -0.086885
0.024764 -0.086656
0.024836 -0.086427
0.024909 -0.086198
0.024981 -0.085967
0.025054 -0.085737
0.025126 -0.085505
0.025199 -0.085273
0.025271 -0.085041
0.025343 -0.084808
0.025416 -0.084575
0.025488 -0.084341
0.025560 -0.084106
0.025632 -0.083871
0.025704 -0.083636
0.025776 -0.083399
0.025848 -0.083163
0.025920 -0.082926
0.025992 -0.082688
0.026064 -0.082450
0.026136 -0.082211
0.026208 -0.081972
0.026279 -0.081732
0.026351 -0.081492
0.026423 -0.081251
0.026495 -0.081010
0.026566 -0.080768
0.026638 -0.080525
0.026709 -0.080282
0.026781 -0.080039
0.026852 -0.079795
0.026924 -0.079551
0.026995 -0.079306
0.027066 -0.079061
0.027137 -0.078815
0.027209 -0.078568
0.027280 -0.078322
0.027351 -0.078074
0.027422 -0.077826
0.027493 -0.077578
0.027564 -0.077329
0.027635 -0.077080
0.027706 -0.076830
0.027777 -0.076580
0.027848 -0.076329
0.027919 -0.076078
0.027989 -0.075826
0.028060 -0.075574
0.028131 -0.075321
0.028201 -0.075068
0.028272 -0.074814
0.028342 -0.074560
0.028413 -0.074306
0.028483 -0.074050
0.028554 -0.073795
0.028624 -0.073539
0.028694 -0.073282
0.028765 -0.073026
0.028835 -0.072768
0.028905 -0.072510
0.028975 -0.072252
0.029045 -0.071993
0.029115 -0.071734
0.029185 -0.071474
0.029255 -0.071214
0.029325 -0.070954
0.029395 -0.070693
0.029465 -0.070431
0.029534 -0.070169
0.029604 -0.069907
0.029674 -0.069644
0.029743 -0.069381
0.029813 -0.069117
0.029882 -0.068853
0.029952 -0.068589
0.030021 -0.068324
0.030091 -0.068058
0.030160 -0.067792
0.030229 -0.067526
0.030298 -0.067259
0.030368 -0.066992
0.030437 -0.066725
0.030506 -0.066457
0.030575 -0.066188
0.030644 -0.065920
0.030713 -0.065650
0.030782 -0.065381
0.030850 -0.065111
0.030919 -0.064840
0.030988 -0.064569
0.031057 -0.064298
0.031125 -0.064026
0.031194 -0.063754
0.031262 -0.063482
0.031331 -0.063209
0.031399 -0.062936
0.031468 -0.062662
0.031536 -0.062388
0.031604 -0.062113
0.031673 -0.061838
0.031741 -0.061563
0.031809 -0.061288
0.031877 -0.061012
0.031945 -0.060735
0.032013 -0.060458
0.032081 -0.060181
0.032149 -0.059904
0.032217 -0.059626
0.032285 -0.059347
0.032352 -0.059069
0.032420 -0.058789
0.032488 -0.058510
0.032555 -0.058230
0.032623 -0.057950
0.032690 -0.057669
0.032758 -0.057389
0.032825 -0.057107
0.032893 -0.056826
0.032960 -0.056544
0.033027 -0.056261
0.033094 -0.055979
0.033161 -0.055696
0.033228 -0.055412
0.033295 -0.055128
0.033362 -0.054844
0.033429 -0.054560
0.033496 -0.054275
0.033563 -0.053990
0.033630 -0.053704
0.033696 -0.053418
0.033763 -0.053132
0.033830 -0.052846
0.033896 -0.052559
0.033963 -0.052272
0.034029 -0.051984
0.034095 -0.051696
0.034162 -0.051408
0.034228 -0.051120
0.034294 -0.050831
0.034360 -0.050542
0.034427 -0.050252
0.034493 -0.049963
0.034559 -0.049673
0.034625 -0.049382
0.034690 -0.049092
0.034756 -0.048801
0.034822 -0.048509
0.034888 -0.048218
0.034953 -0.047926
0.035019 -0.047633
0.035085 -0.047341
0.035150 -0.047048
0.035216 -0.046755
0.035281 -0.046461
0.035346 -0.046168
0.035412 -0.045874
0.035477 -0.045579
0.035542 -0.045285
0.035607 -0.044990
0.035672 -0.044695
0.035737 -0.044399
0.035802 -0.044104
0.035867 -0.043808
0.035932 -0.043511
0.035997 -0.043215
0.036061 -0.042918
0.036126 -0.042621
0.036191 -0.042324
0.036255 -0.042026
0.036320 -0.041728
0.036384 -0.041430
0.036448 -0.041131
0.036513 -0.040833
0.036577 -0.040534
0.036641 -0.040235
0.036705 -0.039935
0.036769 -0.039635
0.036834 -0.039335
0.036897 -0.039035
0.036961 -0.038735
0.037025 -0.038434
0.037089 -0.038133
0.037153 -0.037832
0.037216 -0.037531
0.037280 -0.037229
0.037344 -0.036927
0.037407 -0.036625
0.037471 -0.036323
0.037534 -0.036020
0.037597 -0.035717
0.037661 -0.035414
0.037724 -0.035111
0.037787 -0.034807
0.037850 -0.034504
0.037913 -0.034200
0.037976 -0.033896
0.038039 -0.033591
0.038102 -0.033287
0.038164 -0.032982
0.038227 -0.032677
0.038290 -0.032372
0.038352 -0.032066
0.038415 -0.031761
0.038478 -0.031455
0.038540 -0.031149
0.038602 -0.030843
0.038665 -0.030536
0.038727 -0.030230
0.038789 -0.029923
0.038851 -0.029616
0.038913 -0.029309
0.038975 -0.029001
0.039037 -0.028694
0.039099 -0.028386
0.039161 -0.028078
0.039223 -0.027770
0.039284 -0.027462
0.039346 -0.027154
0.039407 -0.026845
0.039469 -0.026536
0.039530 -0.026227
0.039592 -0.025918
0.039653 -0.025609
0.039714 -0.025300
0.039775 -0.024990
0.039837 -0.024680
0.039898 -0.024371
0.039959 -0.024061
0.040020 -0.023750
0.040080 -0.023440
0.040141 -0.023130
0.040202 -0.022819
0.040263 -0.022508
0.040323 -0.022197
0.040384 -0.021886
0.040444 -0.021575
0.040505 -0.021264
0.040565 -0.020952
0.040625 -0.020641
0.040686 -0.020329
0.040746 -0.020017
0.040806 -0.019705
0.040866 -0.019393
0.040926 -0.019081
0.040986 -0.018768
0.041046 -0.018456
0.041105 -0.018143
0.041165 -0.017831
0.041225 -0.017518
0.041284 -0.017205
0.041344 -0.016892
0.041403 -0.016579
0.041463 -0.016265
0.041522 -0.015952
0.041581 -0.015639
0.041641 -0.015325
0.041700 -0.015011
0.041759 -0.014698
0.041818 -0.014384
0.041877 -0.014070
0.041936 -0.013756
0.041994 -0.013442
0.042053 -0.013128
0.042112 -0.012813
0.042170 -0.012499
0.042229 -0.012185
0.042287 -0.011870
0.042346 -0.011555
0.042404 -0.011241
0.042462 -0.010926
0.042521 -0.010611
0.042579 -0.010296
0.042637 -0.009982
0.042695 -0.009667
0.042753 -0.009351
0.042811 -0.009036
0.042868 -0.008721
0.042926 -0.008406
0.042984 -0.008091
0.043041 -0.007775
0.043099 -0.007460
0.043156 -0.007145
0.043214 -0.006829
0.043271 -0.006514
0.043328 -0.006198
0.043385 -0.005882
0.043442 -0.005567
0.043500 -0.005251
0.043556 -0.004936
0.043613 -0.004620
0.043670 -0.004304
0.043727 -0.003988
0.043784 -0.003672
0.043840 -0.003357
0.043897 -0.003041
0.043953 -0.002725
0.044010 -0.002409
0.044066 -0.002093
0.044122 -0.001777
0.044179 -0.001461
0.044235 -0.001145
0.044291 -0.000829
0.044347 -0.000513
0.044403 -0.000197
0.044459 0.000118
0.044514 0.000434
0.044570 0.000750
0.044626 0.001066
0.044681 0.001382
0.044737 0.001698
0.044792 0.002014
0.044848 0.002330
0.044903 0.002646
0.044958 0.002962
0.045013 0.003278
0.045068 0.003593
0.045123 0.003909
0.045178 0.004225
0.045233 0.004541
0.045288 0.004857
0.045343 0.005172
0.045397 0.005488
0.045452 0.005804
0.045507 0.006119
0.045561 0.006435
0.045615 0.006750
0.045670 0.007066
0.045724 0.007381
0.045778 0.007697
0.045832 0.008012
0.045886 0.008327
0.045940 0.008642
0.045994 0.008958
0.046048 0.009273
0.046101 0.009588
0.046155 0.009903
0.046209 0.010218
0.046262 0.010533
0.046316 0.010847
0.046369 0.011162
0.046422 0.011477
0.046475 0.011791
0.046529 0.012106
0.046582 0.012420
0.046635 0.012735
0.046688 0.013049
0.046740 0.013363
0.046793 0.013677
0.046846 0.013991
0.046898 0.014305
0.046951 0.014619
0.047003 0.014933
0.047056 0.015247
0.047108 0.015560
0.047160 0.015874
0.047213 0.016187
0.047265 0.016500
0.047317 0.016813
0.047369 0.017127
0.047421 0.017439
0.047472 0.017752
0.047524 0.018065
0.047576 0.018378
0.047627 0.018690
0.047679 0.019003
0.047730 0.019315
0.047781 0.019627
0.047833 0.019939
0.047884 0.020251
0.047935 0.020563
0.047986 0.020874
0.048037 0.021186
0.048088 0.021497
0.048139 0.021808
0.048190 0.022119
0.048240 0.022430
0.048291 0.022741
0.048341 0.023052
0.048392 0.023362
0.048442 0.023673
0.048492 0.023983
0.048543 0.024293
0.048593 0.024603
0.048643 0.024913
0.048693 0.025222
0.048743 0.025532
0.048792 0.025841
0.048842 0.026150
0.048892 0.026459
0.048941 0.026768
0.048991 0.027077
0.049040 0.027385
0.049090 0.027693
0.049139 0.028001
0.049188 0.028309
0.049237 0.028617
0.049286 0.028925
0.049335 0.029232
0.049384 0.029539
0.049433 0.029846
0.049482 0.030153
0.049530 0.030460
0.049579 0.030766
0.049628 0.031072
0.049676 0.031378
0.049724 0.031684
0.049773 0.031990
0.049821 0.032295
0.049869 0.032601
0.049917 0.032906
0.049965 0.033210
0.050013 0.033515
0.050060 0.033819
0.050108 0.034124
0.050156 0.034428
0.050203 0.034731
0.050251 0.035035
0.050298 0.035338
0.050346 0.035641
0.050393 0.035944
0.050440 0.036247
0.050487 0.036549
0.050534 0.036851
0.050581 0.037153
0.050628 0.037455
0.050675 0.037757
0.050721 0.038058
0.050768 0.038359
0.050814 0.038660
0.050861 0.038960
0.050907 0.039260
0.050953 0.039560
0.051000 0.039860
0.051046 0.040160
0.051092 0.040459
0.051138 0.040758
0.051184 0.041057
0.051229 0.041355
0.051275 0.041653
0.051321 0.041951
0.051366 0.042249
0.051412 0.042547
0.051457 0.042844
0.051502 0.043141
0.051548 0.043437
0.051593 0.043734
0.051638 0.044030
0.051683 0.044325
0.051728 0.044621
0.051773 0.044916
0.051817 0.045211
0.051862 0.045506
0.051906 0.045800
0.051951 0.046094
0.051995 0.046388
0.052040 0.046682
0.052084 0.046975
0.052128 0.047268
0.052172 0.047560
0.052216 0.047853
0.052260 0.048145
0.052304 0.048436
0.052348 0.048728
0.052391 0.049019
0.052435 0.049310
0.052478 0.049600
0.052522 0.049890
0.052565 0.050180
0.052608 0.050470
0.052652 0.050759
0.052695 0.051048
0.052738 0.051336
0.052781 0.051624
0.052823 0.051912
0.052866 0.052200
0.052909 0.052487
0.052951 0.052774
0.052994 0.053061
0.053036 0.053347
0.053079 0.053633
0.053121 0.053918
0.053163 0.054204
0.053205 0.054489
0.053247 0.054773
0.053289 0.055057
0.053331 0.055341
0.053373 0.055625
0.053414 0.055908
0.053456 0.056191
0.053497 0.056473
0.053539 0.056755
0.053580 0.057037
0.053621 0.057318
0.053662 0.057599
0.053704 0.057880
0.053745 0.058160
0.053785 0.058440
0.053826 0.058720
0.053867 0.058999
0.053908 0.059278
0.053948 0.059556
0.053989 0.059834
0.054029 0.060112
0.054069 0.060389
0.054110 0.060666
0.054150 0.060942
0.054190 0.061219
0.054230 0.061494
0.054270 0.061770
0.054309 0.062045
0.054349 0.062319
0.054389 0.062593
0.054428 0.062867
0.054468 0.063141
0.054507 0.063414
0.054546 0.063686
0.054585 0.063958
0.054625 0.064230
0.054664 0.064502
0.054702 0.064773
0.054741 0.065043
0.054780 0.065313
0.054819 0.065583
0.054857 0.065852
0.054896 0.066121
0.054934 0.066390
0.054973 0.066658
0.055011 0.066925
0.055049 0.067193
0.055087 0.067459
0.055125 0.067726
0.055163 0.067992
0.055201 0.068257
0.055238 0.068522
0.055276 0.068787
0.055313 0.069051
0.055351 0.069315
0.055388 0.069578
0.055426 0.069841
0.055463 0.070104
0.055500 0.070366
0.055537 0.070627
0.055574 0.070888
0.055611 0.071149
0.055647 0.071409
0.055684 0.071669
0.055721 0.071928
0.055757 0.072187
0.055793 0.072446
0.055830 0.072704
0.055866 0.072961
0.055902 0.073218
0.055938 0.073475
0.055974 0.073731
0.056010 0.073987
0.056046 0.074242
0.056081 0.074497
0.056117 0.074751
0.056153 0.075005
0.056188 0.075258
0.056223 0.075511
0.056259 0.075763
0.056294 0.076015
0.056329 0.076266
0.056364 0.076517
0.056399 0.076768
0.056434 0.077017
0.056468 0.077267
0.056503 0.077516
0.056537 0.077764
0.056572 0.078012
0.056606 0.078260
0.056640 0.078507
0.056675 0.078753
0.056709 0.078999
0.056743 0.079245
0.056777 0.079490
0.056810 0.079734
0.056844 0.079978
0.056878 0.080222
0.056911 0.080465
0.056945 0.080707
0.056978 0.080949
0.057011 0.081191
0.057045 0.081431
0.057078 0.081672
0.057111 0.081912
0.057144 0.082151
0.057176 0.082390
0.057209 0.082628
0.057242 0.082866
0.057274 0.083104
0.057307 0.083340
0.057339 0.083577
0.057372 0.083812
0.057404 0.084047
0.057436 0.084282
0.057468 0.084516
0.057500 0.084750
0.057532 0.084983
0.057563 0.085215
0.057595 0.085447
0.057627 0.085679
0.057658 0.085910
0.057689 0.086140
0.057721 0.086370
0.057752 0.086599
0.057783 0.086828
0.057814 0.087056
0.057845 0.087284
0.057876 0.087511
0.057906 0.087737
0.057937 0.087963
0.057968 0.088189
0.057998 0.088413
0.058029 0.088638
0.058059 0.088861
0.058089 0.089085
0.058119 0.089307
0.058149 0.089529
0.058179 0.089751
0.058209 0.089972
0.058239 0.090192
0.058268 0.090412
0.058298 0.090631
0.058327 0.090850
0.058357 0.091068
0.058386 0.091285
0.058415 0.091502
0.058444 0.091718
0.058473 0.091934
0.058502 0.092149
0.058531 0.092364
0.058559 0.092578
0.058588 0.092791
0.058617 0.093004
0.058645 0.093216
0.058673 0.093428
0.058702 0.093639
0.058730 0.093849
0.058758 0.094059
0.058786 0.094269
0.058814 0.094477
0.058841 0.094685
0.058869 0.094893
0.058897 0.095100
0.058924 0.095306
0.058952 0.095512
0.058979 0.095717
0.059006 0.095921
0.059033 0.096125
0.059060 0.096328
0.059087 0.096531
0.059114 0.096733
0.059141 0.096934
0.059168 0.097135
0.059194 0.097335
0.059221 0.097535
0.059247 0.097734
0.059273 0.097932
0.059300 0.098130
0.059326 0.098327
0.059352 0.098524
0.059378 0.098720
0.059403 0.098915
0.059429 0.099109
0.059455 0.099303
0.059480 0.099497
0.059506 0.099690
0.059531 0.099882
0.059556 0.100073
0.059582 0.100264
0.059607 0.100454
0.059632 0.100644
0.059657 0.100833
0.059681 0.101021
0.059706 0.101209
0.059731 0.101396
0.059755 0.101582
0.059780 0.101768
0.059804 0.101953
0.059828 0.102137
0.059852 0.102321
0.059876 0.102504
0.059900 0.102687
0.059924 0.102869
0.059948 0.103050
0.059971 0.103231
0.059995 0.103411
0.060019 0.103590
0.060042 0.103768
0.060065 0.103946
0.060088 0.104124
0.060111 0.104300
0.060134 0.104476
0.060157 0.104652
0.060180 0.104826
0.060203 0.105000
0.060225 0.105174
0.060248 0.105346
0.060270 0.105518
0.060293 0.105690
0.060315 0.105860
0.060337 0.106030
0.060359 0.106200
0.060381 0.106368
0.060403 0.106536
0.060425 0.106703
0.060446 0.106870
0.060468 0.107036
0.060489 0.107201
0.060511 0.107366
0.060532 0.107530
0.060553 0.107693
0.060574 0.107856
0.060595 0.108018
0.060616 0.108179
0.060637 0.108339
0.060658 0.108499
0.060678 0.108658
0.060699 0.108817
0.060719 0.108975
0.060740 0.109132
0.060760 0.109288
0.060780 0.109444
0.060800 0.109599
0.060820 0.109753
0.060840 0.109907
0.060859 0.110060
0.060879 0.110212
0.060899 0.110363
0.060918 0.110514
0.060937 0.110664
0.060957 0.110814
0.060976 0.110963
0.060995 0.111111
0.061014 0.111258
0.061033 0.111405
0.061052 0.111551
0.061070 0.111696
0.061089 0.111840
0.061107 0.111984
0.061126 0.112127
0.061144 0.112270
0.061162 0.112411
0.061180 0.112552
0.061198 0.112693
0.061216 0.112832
0.061234 0.112971
0.061252 0.113109
0.061269 0.113247
0.061287 0.113383
0.061304 0.113519
0.061322 0.113655
0.061339 0.113789
0.061356 0.113923
0.061373 0.114056
0.061390 0.114188
0.061407 0.114320
0.061424 0.114451
0.061440 0.114581
0.061457 0.114711
0.061473 0.114840
0.061490 0.114968
0.061506 0.115095
0.061522 0.115222
0.061538 0.115347
0.061554 0.115473
0.061570 0.115597
0.061586 0.115721
0.061601 0.115844
0.061617 0.115966
0.061633 0.116087
0.061648 0.116208
0.061663 0.116328
0.061678 0.116447
0.061694 0.116566
0.061709 0.116684
0.061723 0.116801
0.061738 0.116917
0.061753 0.117033
0.061768 0.117148
0.061782 0.117262
0.061796 0.117375
0.061811 0.117488
0.061825 0.117600
0.061839 0.117711
0.061853 0.117821
0.061867 0.117931
0.061881 0.118040
0.061895 0.118148
0.061908 0.118255
0.061922 0.118362
0.061935 0.118468
0.061949 0.118573
0.061962 0.118677
0.061975 0.118781
0.061988 0.118884
0.062001 0.118986
0.062014 0.119088
0.062027 0.119188
0.062039 0.119288
0.062052 0.119387
0.062064 0.119486
0.062077 0.119583
0.062089 0.119680
0.062101 0.119776
0.062113 0.119872
0.062125 0.119967
0.062137 0.120060
0.062149 0.120153
0.062160 0.120246
0.062172 0.120337
0.062183 0.120428
0.062195 0.120518
0.062206 0.120608
0.062217 0.120696
0.062228 0.120784
0.062239 0.120871
0.062250 0.120957
0.062261 0.121043
0.062272 0.121127
0.062282 0.121211
0.062293 0.121295
0.062303 0.121377
0.062313 0.121459
0.062324 0.121540
0.062334 0.121620
0.062344 0.121699
0.062354 0.121778
0.062363 0.121856
0.062373 0.121933
0.062383 0.122009
0.062392 0.122084
0.062402 0.122159
0.062411 0.122233
0.062420 0.122306
0.062429 0.122379
0.062438 0.122450
0.062447 0.122521
0.062456 0.122591
0.062465 0.122661
0.062473 0.122729
0.062482 0.122797
0.062490 0.122864
0.062499 0.122930
0.062507 0.122996
0.062515 0.123060
0.062523 0.123124
0.062531 0.123187
0.062539 0.123250
0.062547 0.123311
0.062554 0.123372
0.062562 0.123432
0.062569 0.123491
0.062576 0.123550
0.062584 0.123607
0.062591 0.123664
0.062598 0.123720
0.062605 0.123776
0.062612 0.123830
0.062618 0.123884
0.062625 0.123937
0.062632 0.123989
0.062638 0.124040
0.062644 0.124091
0.062651 0.124141
0.062657 0.124190
0.062663 0.124238
0.062669 0.124286
0.062675 0.124332
0.062680 0.124378
0.062686 0.124423
0.062692 0.124468
0.062697 0.124511
0.062702 0.124554
0.062708 0.124596
0.062713 0.124637
0.062718 0.124677
0.062723 0.124717
0.062728 0.124756
0.062732 0.124794
0.062737 0.124831
0.062742 0.124868
0.062746 0.124903
0.062751 0.124938
0.062755 0.124972
0.062759 0.125005
0.062763 0.125038
0.062767 0.125070
0.062771 0.125101
0.062775 0.125131
0.062778 0.125160
0.062782 0.125189
0.062785 0.125216
0.062789 0.125243
0.062792 0.125270
0.062795 0.125295
0.062798 0.125320
0.062801 0.125343
0.062804 0.125366
0.062807 0.125389
0.062810 0.125410
0.062812 0.125431
0.062815 0.125451
0.062817 0.125470
0.062819 0.125488
0.062821 0.125505
0.062824 0.125522
0.062826 0.125538
0.062827 0.125553
0.062829 0.125567
0.062831 0.125581
0.062832 0.125593
0.062834 0.125605
0.062835 0.125616
0.062837 0.125627
0.062838 0.125636
0.062839 0.125645
0.062840 0.125653
0.062841 0.125660
0.062842 0.125666
0.062842 0.125672
0.062843 0.125677
0.062843 0.125681
0.062844 0.125684
0.062844 0.125686
0.062844 0.125688
0.062844 0.125689
