JointPoints=115
-5.917981 -35.767008 49.493984 -68.111981 -90.698993 49.210999 -23.995008
-4.774497 -36.274502 48.568669 -66.936369 -90.257010 49.192138 -24.508187
-2.909193 -36.330554 46.129945 -65.734706 -88.817494 49.762235 -25.056130
0.255462 -35.747819 41.081136 -64.500187 -85.642222 51.264285 -25.755963
6.122572 -34.373626 31.047186 -63.226970 -79.098690 54.319817 -27.095800
18.273131 -32.765754 10.426517 -61.908972 -64.584734 60.012085 -31.372525
40.542088 -35.652238 -28.356909 -60.539792 -26.224630 67.946389 -50.570442
56.592611 -49.288562 -68.905815 -59.113289 39.841245 65.390690 -90.068050
58.129962 -64.818066 -96.115384 -57.620996 78.189645 53.005437 -102.903177
52.785855 -78.310680 -119.591319 -56.055140 103.122576 40.094912 -101.503826
45.223765 -86.446190 -138.495328 -54.407415 120.352842 31.201404 -95.945347
39.605367 -89.555371 -150.150939 -52.667847 130.245420 27.097781 -91.250849
36.017538 -90.434960 -157.073144 -50.826572 135.913435 25.464450 -87.974696
33.563393 -90.430932 -161.635730 -48.873263 139.562099 24.925804 -85.540945
31.702977 -90.009580 -165.021642 -46.796288 142.227111 24.933502 -83.560750
30.158484 -89.341728 -167.813556 -44.583154 144.409892 25.260377 -81.826087
28.783888 -88.493957 -170.325089 -42.220237 146.380164 25.805589 -80.224841
27.500928 -87.490952 -172.742954 -39.693167 148.300305 26.524103 -78.695532
26.269387 -86.337430 -175.190517 -36.984923 150.279783 27.399677 -77.205129
25.073411 -85.027617 -177.759199 -34.075682 152.401958 28.432585 -75.738784
23.915444 -83.547736 -180.525417 -30.938159 154.738312 29.635834 -74.294491
22.815061 -81.876070 -183.562095 -27.531681 157.358101 31.034543 -72.881163
21.812449 -79.975406 -186.949065 -23.781377 160.336310 32.673499 -71.517530
20.983357 -77.763314 -190.790198 -19.510854 163.764112 34.646980 -70.230125
20.520409 -74.929572 -195.266851 -14.057320 167.762378 37.279130 -69.032489
16.677473 -73.909588 -200.030186 -12.324237 175.963097 39.483015 -71.740914
14.234369 -76.683062 -204.377370 -18.811705 180.935089 36.457176 -71.547892
12.095612 -78.519938 -207.386004 -23.595945 184.309283 34.253303 -71.118387
10.138291 -80.015187 -209.594278 -27.783333 186.773982 32.330260 -70.613273
8.357071 -81.306740 -211.243081 -31.591205 188.608819 30.571060 -70.085329
6.755716 -82.452918 -212.480563 -35.094826 189.978485 28.930136 -69.560126
5.336423 -83.484164 -213.408054 -38.326039 190.992647 27.386379 -69.051368
4.097156 -84.419028 -214.098812 -41.302800 191.729449 25.928517 -68.566359
3.032083 -85.269895 -214.607390 -44.038189 192.246761 24.550121 -68.108677
2.132312 -86.045926 -214.974994 -46.544448 192.588476 23.246955 -67.679694
1.387028 -86.754412 -215.232810 -48.833890 192.788294 22.015922 -67.279602
0.784313 -87.401733 -215.404268 -50.919579 192.872210 20.854199 -66.908049
0.311977 -87.993804 -215.506655 -52.815071 192.860204 19.758978 -66.564600
-0.041931 -88.536541 -215.552334 -54.534944 192.767390 18.726764 -66.248883
-0.288346 -89.035480 -215.549687 -56.092667 192.605044 17.754506 -65.961094
-0.437347 -89.496726 -215.503852 -57.503281 192.381014 16.837745 -65.701566
-0.497387 -89.925907 -215.417239 -58.779734 192.100532 15.972828 -65.471503
-0.475550 -90.328951 -215.289954 -59.935138 191.766334 15.155471 -65.272589
-0.377315 -90.711857 -215.120020 -60.981858 191.378947 14.381335 -65.107229
-0.206494 -91.080665 -214.903484 -61.931221 190.936859 13.646280 -64.978722
0.034933 -91.441799 -214.634371 -62.794411 190.436254 12.945755 -64.891191
0.346941 -91.801837 -214.304477 -63.581389 189.871107 12.275671 -64.850094
0.731623 -92.167676 -213.903009 -64.301090 189.232917 11.632409 -64.862521
1.193743 -92.546940 -213.415979 -64.962263 188.509889 11.012271 -64.937389
1.741232 -92.947982 -212.825302 -65.572898 187.686375 10.412135 -65.086250
2.386094 -93.380157 -212.107490 -66.140456 186.741691 9.829572 -65.324087
3.145684 -93.854032 -211.231780 -66.671890 185.648556 9.263288 -65.670517
4.044483 -94.381482 -210.157491 -67.173535 184.370995 8.714020 -66.151475
5.117233 -94.975836 -208.830226 -67.651816 182.860845 8.185126 -66.801207
6.412469 -95.650970 -207.176696 -68.112550 181.054144 7.685456 -67.665432
7.997982 -96.419379 -205.098054 -68.561369 178.866031 7.232711 -68.804554
9.967103 -97.287149 -202.462743 -69.003946 176.186160 6.859502 -70.296344
12.442047 -98.242652 -199.103729 -69.445487 172.879857 6.623529 -72.234509
15.565223 -99.235818 -194.834594 -69.891365 168.806061 6.618511 -74.712990
19.451340 -100.148991 -189.518572 -70.347005 163.879636 6.976495 -77.777742
24.064359 -100.787565 -183.236420 -70.817736 158.206226 7.827303 -81.328586
29.047347 -100.962233 -176.512760 -71.309016 152.243314 9.175068 -85.016111
33.728217 -100.675703 -170.303386 -71.826263 146.760654 10.765945 -88.303953
37.501225 -100.182975 -165.471233 -72.375003 142.426104 12.183031 -90.780053
40.206785 -99.767066 -162.247059 -72.960691 139.405379 13.148980 -92.395658
42.060563 -99.544821 -160.313562 -73.589060 137.436747 13.647252 -93.363637
43.370394 -99.498733 -159.210136 -74.265512 136.148007 13.799000 -93.940079
44.377419 -99.572832 -158.572200 -74.995153 135.245181 13.732975 -94.316825
45.231852 -99.720118 -158.171016 -75.782712 134.544643 13.539520 -94.612569
46.016795 -99.910901 -157.878814 -76.632476 133.945075 13.271893 -94.894808
46.773983 -100.128274 -157.628762 -77.547647 133.395604 12.958996 -95.200892
47.521800 -100.362703 -157.387462 -78.529955 132.873395 12.615989 -95.551722
48.265801 -100.608452 -157.139004 -79.579776 132.370535 12.250725 -95.959562
49.003763 -100.861090 -156.876295 -80.694763 131.887376 11.868042 -96.431799
49.728671 -101.116565 -156.596878 -81.870030 131.428918 11.471379 -96.972797
50.429861 -101.370454 -156.300724 -83.097105 131.003099 11.064123 -97.584389
51.093840 -101.617868 -155.989288 -84.363859 130.619850 10.649926 -98.265953
51.704699 -101.853279 -155.664940 -85.653582 130.290441 10.233291 -99.013903
52.244998 -102.070975 -155.330754 -86.945805 130.026850 9.819241 -99.821638
52.696438 -102.264854 -154.990172 -88.214737 129.840859 9.414335 -100.678369
53.041497 -102.429610 -154.647047 -89.432670 129.743324 9.025266 -101.570202
53.264838 -102.560460 -154.305131 -90.568798 129.742683 8.660202 -102.479268
53.355000 -102.653923 -153.968224 -91.591988 129.844011 8.327985 -103.384722
53.305942 -102.708148 -153.640016 -92.472905 130.048017 8.037947 -104.263909
53.118217 -102.722914 -153.324061 -93.185770 130.350202 7.799717 -105.093557
52.799241 -102.699595 -153.023927 -93.710623 130.740861 7.622412 -105.851603
52.362669 -102.640944 -152.743260 -94.034895 131.205763 7.513840 -106.518895
51.827131 -102.550651 -152.485837 -94.154042 131.727213 7.479747 -107.080381
51.214172 -102.432953 -152.255551 -94.071558 132.285813 7.523029 -107.525992
50.546147 -102.292288 -152.056260 -93.798069 132.862250 7.643360 -107.850773
49.844274 -102.132912 -151.891568 -93.349850 133.438849 7.837131 -108.054563
49.127273 -101.958856 -151.764609 -92.747070 134.000757 8.097897 -108.141102
48.410620 -101.773724 -151.677775 -92.012044 134.536530 8.417027 -108.117174
47.706048 -101.580538 -151.632553 -91.167390 135.038282 8.784605 -107.991655
47.021773 -101.381857 -151.629506 -90.234584 135.501674 9.190461 -107.774395
46.363458 -101.179844 -151.668339 -89.233847 135.924662 9.624443 -107.475775
45.734106 -100.976074 -151.747898 -88.182619 136.307627 10.077462 -107.105993
45.134915 -100.771706 -151.866435 -87.095815 136.652382 10.541529 -106.674740
44.565720 -100.567482 -152.021766 -85.985570 136.961813 11.010051 -106.190882
44.025368 -100.363867 -152.211469 -84.861762 137.239338 11.477632 -105.662458
43.512103 -100.160969 -152.433000 -83.731758 137.488678 11.940258 -105.096473
43.023763 -99.958704 -152.683875 -82.601071 137.713603 12.394948 -104.499005
42.557899 -99.756757 -152.961741 -81.473384 137.917808 12.839746 -103.875163
42.111916 -99.554637 -153.264475 -80.350859 138.104825 13.273528 -103.229143
41.683234 -99.351829 -153.590241 -79.234824 138.278015 13.695623 -102.564494
41.269161 -99.147500 -153.937466 -78.124937 138.440456 14.106251 -101.883772
40.867049 -98.940873 -154.304986 -77.020477 138.595124 14.505774 -101.189033
40.474315 -98.731123 -154.691936 -75.920228 138.744830 14.894798 -100.481860
40.088387 -98.517240 -155.097752 -74.822120 138.892203 15.274347 -99.763223
39.706685 -98.298109 -155.522244 -73.723517 139.039774 15.645668 -99.033586
39.326644 -98.072598 -155.965588 -72.621607 139.190095 16.010034 -98.293110
38.945695 -97.839425 -156.428283 -71.513088 139.345668 16.368918 -97.541561
38.561257 -97.597252 -156.911182 -70.394499 139.509088 16.723815 -96.778472
38.170692 -97.344485 -157.415484 -69.261714 139.682955 17.076498 -96.002946
37.771408 -97.079974 -157.942767 -68.112000 139.870380 17.428014 -95.214613
